1.302087184367690753e+01
4.240429838308504173e+01
7.158511948945022141e+01
8.204925209943468190e+01
8.844977711146653121e+01
8.912936966828036134e+01
8.969597571377622103e+01
9.097349480529990728e+01
9.060650324831439661e+01
9.034528295143603316e+01
9.165549997741157995e+01
9.129658800124148854e+01
9.044091029309029750e+01
9.197737724392109726e+01
9.202194739037436477e+01
9.040804640440467210e+01
9.207604069042859862e+01
9.127798469359042599e+01
9.204474164253096546e+01
9.148132525421098649e+01
9.110493545166099238e+01
9.203283058577626718e+01
9.205441971462174422e+01
9.138732198660454742e+01
9.138799320810056770e+01
9.121541196302342769e+01
9.135494573583048350e+01
9.220071044779544422e+01
9.120681573828264277e+01
9.220279116118119589e+01
