7.064767966001117117e+00
2.237727109054341668e+01
4.833446103420234863e+01
6.924078768480504209e+01
7.939881067152094829e+01
8.517790044584299380e+01
8.414412815667387235e+01
8.521435980419329326e+01
8.705025710086978563e+01
8.654487445203814389e+01
8.568501916310205502e+01
8.654186820655336021e+01
8.552167917213593284e+01
8.613071225275096765e+01
8.697163973106451351e+01
8.653045080102114639e+01
8.715233686226643783e+01
8.715370732790636055e+01
8.604340345505687537e+01
8.720095520474040995e+01
8.720879950628051347e+01
8.684416523881985484e+01
8.598565517831552540e+01
8.551880950468927267e+01
8.512572426291715999e+01
8.639452396781085497e+01
8.524171428084753188e+01
8.712998164322971206e+01
8.713695767234749212e+01
8.637922747008732927e+01
