2.312368695345543013e-01
1.711643381366410210e+01
4.442510814116123896e+01
7.086457805239757590e+01
7.693804587995209943e+01
8.265256394485844282e+01
8.290104110308608654e+01
8.537658145511926477e+01
8.626459880078711251e+01
8.449482044181112883e+01
8.495752944077919722e+01
8.607866388711865113e+01
8.482417815858960353e+01
8.629817526396955429e+01
8.627281940331626231e+01
8.713226398629183223e+01
8.713633450502862843e+01
8.479895953257445740e+01
8.639258752260394658e+01
8.637506686822864310e+01
8.487299921029662642e+01
8.506452310344413092e+01
8.699077855540772930e+01
8.699148017111227205e+01
8.530197906532772834e+01
8.595599760918594257e+01
8.699174375678384763e+01
8.552459523805984531e+01
8.647558721087619915e+01
8.581519643453262347e+01
