1.630150318057881265e+01
4.524473005342984067e+01
8.106649109809336551e+01
8.897934873314903825e+01
9.013173400349310782e+01
8.958324769627975570e+01
9.114672359164063664e+01
9.182073162482274142e+01
9.193261200313686743e+01
9.206708460490997936e+01
9.138902760745790488e+01
9.211159401490611742e+01
9.216464628615685228e+01
9.206601609466902403e+01
9.211648474303443379e+01
9.133058013405376130e+01
9.135016876770004046e+01
9.202278637459188815e+01
9.169819337345768417e+01
9.145949636278379558e+01
9.182388813516840287e+01
9.138285987779599395e+01
8.958849854984808303e+01
9.080949511811039088e+01
9.222748659305523233e+01
9.129908741803306782e+01
9.142910509891197535e+01
9.187555666017421174e+01
9.201842535675424983e+01
9.081601103122257257e+01
