3.154095272868232325e+00
2.091631250300874711e+01
4.814097566447707521e+01
7.180824135608338565e+01
8.396177526284016324e+01
8.652638318252634519e+01
8.659452678770644241e+01
8.716277937682201582e+01
8.536608743513265551e+01
8.560446797899527382e+01
8.562073157466258522e+01
8.710238789977553608e+01
8.647530124015843001e+01
8.572423270341670332e+01
8.665894056161045000e+01
8.516177074309241846e+01
8.647486659266498066e+01
8.555104318126046792e+01
8.572749434053523032e+01
8.715926568520627882e+01
8.527500895537583858e+01
8.574814554107685183e+01
8.649438709383801438e+01
8.639237076620642597e+01
8.713855618891176391e+01
8.648036254523995581e+01
8.713913574771041226e+01
8.647981403023941027e+01
8.713952880826658998e+01
8.705987469421667413e+01
