1.147271554930777526e+01
4.683205660764938472e+01
7.145279039322157644e+01
7.511685621012775016e+01
8.029681224081076607e+01
8.344290759098171861e+01
8.376825306281008920e+01
8.626736992434598505e+01
8.627584130120786199e+01
8.713570160076660898e+01
8.679294140708842065e+01
8.677389194246308080e+01
8.855184326321192145e+01
8.943220530253682909e+01
8.811191972499727854e+01
8.861462061028483106e+01
8.852732206979381147e+01
8.951183645269794908e+01
8.960296303751292157e+01
8.813243162526779884e+01
8.768833664989146826e+01
8.889911991085686793e+01
8.822326892426772815e+01
9.014960453245365102e+01
8.853291860635266630e+01
8.915202487919985685e+01
8.926956603022867398e+01
9.097829294742491868e+01
8.834121010486256864e+01
8.959983138771305278e+01
