1.296492894706998023e+01
4.152267129729953865e+01
6.875347781823464288e+01
7.352091604946527070e+01
8.106449720927948022e+01
8.328355161732748968e+01
8.487526958559018908e+01
8.436606608836956411e+01
8.536408873040468848e+01
8.518233115675016620e+01
8.785631450120861530e+01
8.853304829308822832e+01
8.837961312499783162e+01
8.773323123403957879e+01
8.830090709076776534e+01
8.881906264709169818e+01
8.832601283184422414e+01
8.960076863930220270e+01
8.780568222383313071e+01
8.889462548844390710e+01
9.087645944474273563e+01
9.116280951108174690e+01
9.039469932689958398e+01
8.840732290591019193e+01
8.819793701532147168e+01
8.895299721221330458e+01
8.969194532791854613e+01
8.885132183010462370e+01
8.942744229323488980e+01
9.007274826663925182e+01
