7.113462639726829906e+00
2.602276774152624483e+01
6.150470243601755271e+01
8.083614884349127294e+01
8.914130408414744977e+01
9.065153894722635641e+01
8.751092371976866957e+01
9.036603620158814465e+01
9.173850216219845777e+01
9.165210347277556480e+01
9.055041425896078522e+01
9.188707400731254893e+01
9.076429177262777159e+01
9.207178377931872149e+01
9.198046439564176069e+01
9.210502524618810583e+01
9.130830848072095307e+01
9.154114384988614006e+01
9.147593650876268612e+01
9.101599252204869117e+01
9.051137445547229277e+01
9.147969203554954731e+01
9.151387101024312187e+01
9.219473486824433905e+01
9.223878449792681522e+01
9.223504146382637714e+01
9.199148375791237697e+01
9.167405326041522073e+01
9.171378049548147260e+01
9.184129889280212922e+01
