9.856979342900064722e+00
3.417167470202763724e+01
6.158500699105123033e+01
7.055349625369261446e+01
8.136381918820602266e+01
8.258033524024763494e+01
8.261543407786956550e+01
8.295850265987805017e+01
8.550101779650314882e+01
8.530856576855680373e+01
8.725355841546770819e+01
8.850641949218420734e+01
8.891906877346487192e+01
8.945678286538323221e+01
8.913948917986084552e+01
8.886837196494703051e+01
8.929758625126248717e+01
8.997002296414814282e+01
8.895980632844604941e+01
8.874498890556951380e+01
8.964497785436117283e+01
8.922702131692786054e+01
8.939014518511443441e+01
8.943696638161554802e+01
8.877549668159539920e+01
8.819971645971322971e+01
8.861720368197697439e+01
9.008974667247527179e+01
9.005839465410231526e+01
8.992671192352815979e+01
