1.234503652355786407e+01
4.049947377123424985e+01
6.233226442823061575e+01
7.217707896196577622e+01
7.841749822093861155e+01
8.214932697370444714e+01
8.339487694500519410e+01
8.541017861648178666e+01
8.699871801295901719e+01
8.818514066470621060e+01
8.895479053435491323e+01
8.744110308997790071e+01
8.910136336841986804e+01
8.967625103608162362e+01
8.845624617162880554e+01
9.037956122273942583e+01
9.036619996727337423e+01
9.020823373593884753e+01
9.071694083507459538e+01
9.001187176788317856e+01
8.916023803185738927e+01
8.940048101182630091e+01
8.936990068248593388e+01
8.764337936340474755e+01
8.996738623702213999e+01
9.042882541572498667e+01
8.994596955071074262e+01
8.831161197758012804e+01
9.022108396286695609e+01
8.936575061707480927e+01
