7.496275478534954573e+00
2.942625247804638633e+01
5.553704553840933045e+01
7.439092083986892590e+01
8.075787685442040242e+01
8.329871102731229371e+01
8.573035724905288646e+01
8.543229221187709754e+01
8.612631898524243468e+01
8.678677588282931765e+01
8.708586812463811100e+01
8.703075122185438772e+01
8.703498592656887922e+01
8.628382610441374823e+01
8.708823037653850463e+01
8.706529695127355239e+01
8.650617874837364241e+01
8.465755358296055988e+01
8.581056608574439792e+01
8.713816423154011659e+01
8.713952195723240379e+01
8.630453102464196036e+01
8.668329908279319795e+01
8.671876419142112979e+01
8.644805012372700048e+01
8.535365446453343452e+01
8.713974534256308857e+01
8.711750184502750471e+01
8.714588949640021553e+01
8.650664899462788071e+01
