8.209505033671476326e+00
3.501105305876961893e+01
6.737264811577237822e+01
7.602898523027324984e+01
8.001043545333941154e+01
8.333075084348081418e+01
8.577160115410065089e+01
8.503759025590345288e+01
8.498407146025755310e+01
8.389172582096831832e+01
8.649003044412809516e+01
8.463063227359219809e+01
8.594791231381663010e+01
8.719249907182970105e+01
8.415323307438934819e+01
8.405535034621505019e+01
8.494570358793610865e+01
8.699886411799064945e+01
8.593160891282386160e+01
8.776558952434527328e+01
8.914354945044378553e+01
9.023028883225426000e+01
8.725596199156338173e+01
8.758999466599030370e+01
8.902591643320116077e+01
8.939884896063750830e+01
8.886981125003252657e+01
8.981149951438658263e+01
8.893014016734133520e+01
8.918657758978991978e+01
