1.807128093318632978e+01
4.829706185605661517e+01
7.608060837039626279e+01
8.928283747240060109e+01
8.883661213609273943e+01
8.997565708467129753e+01
9.079872614291514310e+01
9.107640460505405144e+01
9.191648321109236974e+01
9.130242999764725198e+01
9.203250962027854598e+01
9.128938570446632639e+01
9.117603962230160164e+01
9.117039725541269490e+01
9.112235464320654899e+01
9.125552265203599234e+01
9.223563199233895205e+01
9.226730503469508449e+01
9.213403257909449451e+01
9.176537470012172548e+01
9.220652292039800102e+01
9.216590605742821651e+01
9.215787932471208421e+01
9.232178766452567231e+01
9.230580959022347542e+01
9.231740227433100188e+01
9.171329297689362647e+01
9.139845775352570456e+01
9.183959068712610474e+01
9.133758752605282893e+01
