1.579327339708570221e+01
4.147361646756721143e+01
7.653432683056266228e+01
8.477536789947436091e+01
8.664520799591664968e+01
8.980185501925720359e+01
9.000874084321209523e+01
9.066206371357171179e+01
9.173519686977709853e+01
9.205872805966284034e+01
9.199794005293075827e+01
9.198597657500522473e+01
9.220899853203795260e+01
9.205666516092404095e+01
9.209419413831578538e+01
9.125955932686585470e+01
9.119361436669252896e+01
9.135679562515215935e+01
9.206191534120547715e+01
9.120762166056043441e+01
9.192377597504246012e+01
9.181367952616507466e+01
9.195161137987594202e+01
9.063234322496951734e+01
9.088242745828561908e+01
9.204066626219255909e+01
9.107723777334527426e+01
9.201631446404945791e+01
9.208573482695022960e+01
9.151317251201265890e+01
