3.693220335397752851e+00
1.782226499059245839e+01
4.211309495284194782e+01
6.612405920192047404e+01
7.945035349997014862e+01
8.028241670482087500e+01
8.280164309072686990e+01
8.539147112662007544e+01
8.484962020421296813e+01
8.467347334971134387e+01
8.441912851156882880e+01
8.571968122446114080e+01
8.647600843726645792e+01
8.577966427554112272e+01
8.681055274283895073e+01
8.560762387979806931e+01
8.555429691515826107e+01
8.432657351144871427e+01
8.714288729251616417e+01
8.630025695070588654e+01
8.647197017882281500e+01
8.647158999823881231e+01
8.647462370113440500e+01
8.713523102527655340e+01
8.656730955407448391e+01
8.713382543800635460e+01
8.713202543800633748e+01
8.563453926546203832e+01
8.541348867119785382e+01
8.640355743716717996e+01
