1.763302527892638238e+01
2.612389951328423621e+01
3.408272136357111037e+01
4.151704720934650794e+01
4.841133106528940289e+01
5.589992561688863049e+01
6.361974806657421055e+01
6.749980188968856964e+01
7.279820604259390393e+01
7.875634145049316714e+01
8.239931473534753081e+01
8.414113127385292046e+01
8.519293576470394669e+01
8.597623611151134071e+01
8.691911298013718579e+01
8.799810596828028508e+01
8.799909120110027061e+01
8.803573052792660292e+01
8.810478212464560954e+01
8.814776383126896064e+01
8.821402082240315679e+01
8.828535166347438690e+01
8.833715517464870004e+01
8.835285383472732690e+01
8.835383906754728400e+01
8.835443906754727550e+01
8.841173502179857735e+01
8.845833546631808986e+01
8.845968812803617709e+01
8.851232160818723571e+01
