2.375006697886056983e+01
3.271649088083447765e+01
5.020903648902418581e+01
6.119584896024284149e+01
7.149023214329568532e+01
7.735523837898094257e+01
8.066111059234550851e+01
8.469152308691778330e+01
8.808769949135967181e+01
8.863052617546632916e+01
8.897988414691293713e+01
9.067682686133663594e+01
9.077874503418212271e+01
9.090605430534441211e+01
9.105311612401220600e+01
9.172845558322920567e+01
9.233322516615260156e+01
9.239925521955059651e+01
9.244548289015956755e+01
9.250343494482059725e+01
9.258885203087747584e+01
9.264233574007283778e+01
9.266208461598039037e+01
9.267734313609631158e+01
9.268496811900988064e+01
9.269869508215515452e+01
9.269870633050666697e+01
9.270966725713168444e+01
9.271609670464293629e+01
9.272234493656601728e+01
