2.361832287152854803e+01
3.646469127392722243e+01
4.825969242018556571e+01
6.099224891852590247e+01
6.851159134464201372e+01
7.576943167645147525e+01
7.938406694112774176e+01
8.379823401137601024e+01
8.638189289295527828e+01
8.917047942188446541e+01
9.038697154576527737e+01
9.124623441037113025e+01
9.139349836924709791e+01
9.174517460066803665e+01
9.181254387660148097e+01
9.186655842401337679e+01
9.198885874548668085e+01
9.204976999233954871e+01
9.254351590483837242e+01
9.256934554345508559e+01
9.256934554345508559e+01
9.258666102748931337e+01
9.260048845097676917e+01
9.265070728538501044e+01
9.268207518768291209e+01
9.270459832632330688e+01
9.271303709390701897e+01
9.272351227773458504e+01
9.273338344807369538e+01
9.274710745478911633e+01
