1.763366197281043668e+01
3.231770584837656912e+01
4.299248142711505949e+01
5.352177358903079352e+01
6.291070623574444909e+01
7.173384763064396452e+01
7.842454315058407133e+01
8.330079001440225284e+01
8.533328565159335710e+01
8.802391672622673013e+01
8.887792404721143669e+01
8.984466346083542021e+01
9.015518121181719380e+01
9.040712310944984154e+01
9.053114523981787443e+01
9.112379426762332457e+01
9.135398567003110770e+01
9.145828460948339966e+01
9.149025670783248643e+01
9.150442406161059239e+01
9.164112291159928247e+01
9.175162618334422859e+01
9.177406871023265467e+01
9.179280649122341629e+01
9.179280649122341629e+01
9.181175579324015246e+01
9.181434016090314287e+01
9.182540133485501599e+01
9.188289090285309157e+01
9.188924787234016378e+01
