1.662283277378001856e+01
3.107491798241151315e+01
4.503076993957528629e+01
5.660249426762786840e+01
6.549882185778916721e+01
6.987944004860364089e+01
7.582255213939848204e+01
7.886762799675004487e+01
8.220299320970745782e+01
8.326690105213491222e+01
8.425496613510775035e+01
8.431750891912889756e+01
8.574790184920121305e+01
8.584796379740380701e+01
8.663632248193765406e+01
8.673274638921307655e+01
8.732159479407600600e+01
8.735041932485704308e+01
8.767734047051391144e+01
8.775928942939093247e+01
8.783309358538068068e+01
8.785630205442512874e+01
8.786211928407327321e+01
8.834791535437669552e+01
8.835036144442113937e+01
8.844358600993388109e+01
8.849350764534223401e+01
8.850832034352147559e+01
8.861395217941095837e+01
8.866836598465157238e+01
