2.061717094732870947e+01
3.462648808339017847e+01
4.400118134805058645e+01
5.680473873863911649e+01
6.723819019775930883e+01
7.388729587614892580e+01
8.135991694741602487e+01
8.336289933506454020e+01
8.574323072576530080e+01
8.670594882402103565e+01
8.817154417428379531e+01
8.908740170046283424e+01
8.993440077296968127e+01
9.088354832316575482e+01
9.106167801141801021e+01
9.112918170201986356e+01
9.119804857957518607e+01
9.135039718682354248e+01
9.145998250863114265e+01
9.150314442569448659e+01
9.151706516000908209e+01
9.157110715695451120e+01
9.166429556608765949e+01
9.170352297222693494e+01
9.171789400309691587e+01
9.175710855280897249e+01
9.180131953673338785e+01
9.181770149647982748e+01
9.188268690001859795e+01
9.192773356908561766e+01
