1.431124097276747342e+01
2.356566359509088215e+01
3.558803293030528181e+01
4.341434110424163606e+01
5.406565487483698007e+01
6.168312649718592411e+01
6.758563580863979325e+01
7.470683081605447740e+01
8.258760053257827849e+01
8.716420376485680777e+01
8.858305372890015406e+01
8.888478516436298094e+01
8.906812179640330385e+01
8.946227479428982576e+01
9.039334548157965799e+01
9.184231341817390160e+01
9.210306435796590563e+01
9.218574667702411318e+01
9.233645844014121451e+01
9.236574863232344512e+01
9.239515536904355031e+01
9.251727500636708612e+01
9.261382282829630697e+01
9.263860258860138686e+01
9.267330599699482718e+01
9.272121568529466629e+01
9.276005487692972906e+01
9.276925672644409815e+01
9.280071586666151973e+01
9.280339693933663625e+01
