3.003158516181211368e+01
3.957867796557624729e+01
4.864915699464414445e+01
5.835000795316018696e+01
6.774404472515578846e+01
7.431510120322801072e+01
8.056207970795676943e+01
8.405143087543451941e+01
8.584591048526455381e+01
8.911235726915364808e+01
8.995085439511326797e+01
9.013477890569070894e+01
9.041039116047046775e+01
9.111799192849144902e+01
9.123236954943935473e+01
9.156647086852723305e+01
9.183419884855615578e+01
9.244233541942868726e+01
9.248421673519879960e+01
9.258147392237043505e+01
9.259819126534674183e+01
9.263009317133574427e+01
9.265586174828683852e+01
9.269918663235435474e+01
9.272294635201025415e+01
9.273958613522991357e+01
9.274347284939976532e+01
9.278665417698697127e+01
9.278735218487391023e+01
9.280023784711148949e+01
