2.516362370590931263e+01
3.963524743495662506e+01
5.068584722369051576e+01
6.127180959480317313e+01
6.996900467230963727e+01
7.221285416783567257e+01
7.643920072045075642e+01
8.045121569787782789e+01
8.452206354143072531e+01
8.678283146838941775e+01
8.815663316391446358e+01
8.905037600892281091e+01
9.025730926064851189e+01
9.047800170579299106e+01
9.081941630210931748e+01
9.113650667970188124e+01
9.119822415592437892e+01
9.120994229506918316e+01
9.130504361521728640e+01
9.131222594298793638e+01
9.139344785615612921e+01
9.155758719627628750e+01
9.163936005407977348e+01
9.167554904715468922e+01
9.173595031193360683e+01
9.182717843800142532e+01
9.184308813924039328e+01
9.187967706970391646e+01
9.194806859998236348e+01
9.199322708968860240e+01
