1.560294362091562093e+01
2.148140523974557681e+01
2.938366825159321749e+01
4.103306085810722692e+01
5.152194054509985222e+01
5.788040558147397974e+01
6.314080794827731324e+01
6.792119574904899082e+01
7.428045136281593841e+01
7.620347789286381612e+01
7.885087866034263016e+01
8.199777290819730524e+01
8.471443962799114047e+01
8.606569363693843400e+01
8.645661069868836535e+01
8.786189819247418598e+01
8.795179352491517477e+01
8.802104843044605786e+01
8.805366453740188604e+01
8.809606433121837199e+01
8.827405405658150528e+01
8.830311423413353111e+01
8.830955806006950581e+01
8.830959689506977384e+01
8.836505470472172874e+01
8.842524846308741360e+01
8.846276342810244842e+01
8.846276342810244842e+01
8.852593549096206971e+01
8.852657432596234344e+01
