1.332513400211375476e+01
2.302683242718557821e+01
2.927420571977131658e+01
3.813247820966584811e+01
4.650119950645424893e+01
5.582622554457001485e+01
6.452807474757818795e+01
7.013064811437536150e+01
7.337045098569012680e+01
7.703287100878112881e+01
8.011637217596344840e+01
8.253563258752252807e+01
8.380023902622538401e+01
8.399509298556340298e+01
8.466284652820554868e+01
8.633826153469662756e+01
8.720349068190245134e+01
8.767721491962711866e+01
8.804902678588943843e+01
8.813612646344915902e+01
8.818638149239468760e+01
8.818638149239468760e+01
8.826642848219702842e+01
8.834239328034455241e+01
8.839094240631861510e+01
8.844697869798496015e+01
8.851523373847459197e+01
8.852177876064919815e+01
8.854385558137373380e+01
8.859340098433983712e+01
