1.687644096642182490e+01
3.503040702045795740e+01
4.810713029955807229e+01
5.760300280037414211e+01
6.664519156911778452e+01
7.403751048248209088e+01
8.000676424544373333e+01
8.334528604175822863e+01
8.601877576209018628e+01
8.732153474415368066e+01
8.845909665688326129e+01
8.973142870092759438e+01
8.989429669183910221e+01
8.993290764842321039e+01
9.007045979105278377e+01
9.049257361817339529e+01
9.070343011970160774e+01
9.084878155878976713e+01
9.094759658191682661e+01
9.115292608768628213e+01
9.126218890405209549e+01
9.139456081090793305e+01
9.141803537894695353e+01
9.148624253241170834e+01
9.153413232169415892e+01
9.156446403830504721e+01
9.165925002293754176e+01
9.182210006843058636e+01
9.187390368493498727e+01
9.191568438357936088e+01
