2.126527021745506474e+01
3.669158983804464924e+01
4.925630741198217777e+01
6.280909032829121941e+01
7.350182495263661053e+01
7.664251418725639553e+01
8.104084875250285336e+01
8.343488325218243062e+01
8.585890723420845916e+01
8.784324744587149780e+01
8.893971961733130627e+01
9.035230109254983688e+01
9.050453430744762784e+01
9.078284349946970622e+01
9.095025778732191668e+01
9.095025778732191668e+01
9.102494352695910607e+01
9.107827313273674008e+01
9.145880183278676157e+01
9.150704014428838207e+01
9.151854347466252193e+01
9.167686779794135532e+01
9.172658192548189504e+01
9.180843958612875610e+01
9.186893186705090386e+01
9.188924276985564177e+01
9.191494526029802614e+01
9.194499107324391218e+01
9.197879688096217876e+01
9.197961455319155277e+01
