2.785243994599941431e+01
3.988293469205469677e+01
5.370626767760719389e+01
6.501290612425843563e+01
7.397095486081127547e+01
7.959111687919619271e+01
8.607508545961053414e+01
8.877442443988644527e+01
8.916396676702476043e+01
8.971399019022319976e+01
9.136190898928678905e+01
9.222929218790099526e+01
9.231018115128685508e+01
9.234225161393645465e+01
9.238043716732356359e+01
9.238343716732357791e+01
9.243941187630888123e+01
9.247964857342697087e+01
9.253168170757965072e+01
9.255243269165612219e+01
9.257277946005201841e+01
9.261920827507803722e+01
9.264078362707331848e+01
9.264894690909777353e+01
9.266913536802717033e+01
9.268993938631700757e+01
9.271883263211681481e+01
9.274395785268291093e+01
9.276687067242417584e+01
9.279086653972952092e+01
