1.461250351077567444e+01
2.823297038971340100e+01
4.013468569761075599e+01
4.840384359043851248e+01
5.747246960544365635e+01
6.590914497069915967e+01
7.162604073102058067e+01
7.607304339874363563e+01
7.823985928063483186e+01
8.126590185557535051e+01
8.478190620318009962e+01
8.502248229075593144e+01
8.523842350799144185e+01
8.638738623357272672e+01
8.739981995028206541e+01
8.769444075123509208e+01
8.782010118203008631e+01
8.786002257917313329e+01
8.793977410021501839e+01
8.799073680620607263e+01
8.801285961366595245e+01
8.807045669359575868e+01
8.810553539633232845e+01
8.820861257366533437e+01
8.833309337966396413e+01
8.843197031750715098e+01
8.845309587955308928e+01
8.852017189682837284e+01
8.856737818299080800e+01
8.863181482012450374e+01
