1.000000000000000000e+00
1.000000000000000000e+00
-6.333930045723883406e-01
1.288531865923951969e-01
-7.002886504562255698e-01
-1.000000000000000000e+00
5.582919835086144200e-01
1.000000000000000000e+00
-9.273019463445743016e-01
4.953681279371457968e-03
1.000000000000000000e+00
9.460918991456173099e-01
-1.000000000000000000e+00
2.791779958630444813e-01
1.000000000000000000e+00
-2.384174665376004310e-02
-3.767385614228639379e-01
-3.628908707675900236e-01
-1.605266140647799711e-01
-7.643940168419169900e-01
-6.585526555750094158e-01
-8.943091807859929743e-01
1.000000000000000000e+00
1.000000000000000000e+00
9.019504923501753257e-01
3.807371213052523906e-01
2.334658549285562879e-01
6.810637516209885334e-01
3.073106767949896900e-01
6.605661638640412114e-01
-1.000000000000000000e+00
2.699006590968233699e-02
9.736649596043334132e-01
-6.169362983302749681e-01
-8.403219138538559063e-02
3.844585113616290073e-01
5.278498792563898201e-01
8.760924882657481483e-01
-1.000000000000000000e+00
-1.000000000000000000e+00
6.137979112181694008e-01
3.313436516175849444e-02
-1.000000000000000000e+00
-8.826875284048177894e-01
-1.000000000000000000e+00
1.184790064494942174e-02
-2.660740189343731021e-01
-9.354784679133908432e-01
-1.000000000000000000e+00
-2.326692014137919651e-01
-1.000000000000000000e+00
4.871773121251516958e-01
3.385597765211080246e-01
2.819576721429349897e-01
8.350803133244487642e-01
5.933781683344763191e-01
-1.000000000000000000e+00
1.000000000000000000e+00
-3.187896140595751771e-01
1.000000000000000000e+00
-5.679305385179750365e-01
-5.482375163878223656e-01
-1.085072619535842886e-01
5.867437534212642802e-01
-1.000000000000000000e+00
-1.000000000000000000e+00
1.068430770090758042e-01
1.000000000000000000e+00
8.534143975065304755e-01
-1.000000000000000000e+00
-3.805056929100127938e-01
-1.142208574840907209e-01
-5.455368627868886211e-01
-1.060411696427557976e-01
-1.085073106667691079e-01
-5.210932225688986730e-01
2.870833907777025074e-01
-6.415834642674652644e-01
-1.000000000000000000e+00
-1.000000000000000000e+00
8.651322265131500266e-01
1.000000000000000000e+00
-1.000000000000000000e+00
1.124959408949500750e-01
-1.000000000000000000e+00
-1.000000000000000000e+00
4.789880853518295178e-01
4.394394490911071038e-01
1.571952969171964698e-01
-4.386095064983576153e-01
8.533284210540166281e-01
3.213741282432049373e-01
4.204664910874859052e-01
-1.000000000000000000e+00
4.303889607100365167e-01
-2.246414737326832833e-01
-1.000000000000000000e+00
1.055938678457594704e-01
-1.000000000000000000e+00
3.718197434583856431e-01
-9.111277615080350945e-01
4.407467626269081507e-01
-1.000000000000000000e+00
1.000000000000000000e+00
-1.395715551131509469e-01
1.000000000000000000e+00
2.987818739454546901e-01
5.986501795606755660e-01
1.487755220190138949e-01
-1.000000000000000000e+00
-8.229755968858866177e-01
3.950774835812914665e-01
2.667211509465539088e-02
3.057786566302493902e-01
4.176857322832284170e-01
1.000000000000000000e+00
3.629584815197113845e-01
-5.935166500843899184e-01
3.931669844082180676e-01
1.324826247728826956e-01
8.596172104622663568e-01
1.000000000000000000e+00
-1.000000000000000000e+00
1.000000000000000000e+00
3.535005640988142517e-01
2.464590852903328910e-01
3.770400515889232862e-02
-4.006068125935247082e-02
1.000000000000000000e+00
-6.814902438685737085e-01
3.465321206561110534e-01
1.000000000000000000e+00
-8.475068491180242081e-01
-1.000000000000000000e+00
1.000000000000000000e+00
1.000000000000000000e+00
-9.157696223770697141e-01
1.556491593799811668e-01
-6.357002426102775772e-01
-1.715375066345694588e-01
4.448532876457463869e-01
-8.776165061754650498e-01
1.204117431076940359e-01
1.000000000000000000e+00
-2.491648849616269756e-01
3.562587792120909258e-01
-6.135744563048948219e-01
5.087836115823884953e-01
-7.010565748317070245e-01
1.000000000000000000e+00
-6.970260600148747709e-01
-6.652133079509114921e-01
5.798112723725636908e-01
-1.000000000000000000e+00
8.474616019310694526e-01
1.222534954864238355e-01
-8.792546311998311603e-01
1.070151142297003921e-01
1.366752370358927382e-01
6.129361293098186669e-01
-1.000000000000000000e+00
-7.756848482684569612e-01
-9.729717485054495407e-01
1.000000000000000000e+00
3.215372932772821435e-01
-3.550304252997419363e-01
1.000000000000000000e+00
3.996977889318362176e-01
8.845842844327634902e-01
-2.516602876217255425e-02
1.000000000000000000e+00
-8.170411437788633879e-01
3.114092908286315575e-01
1.000000000000000000e+00
1.000000000000000000e+00
-4.247810735258972237e-02
1.000000000000000000e+00
-1.000000000000000000e+00
1.381816690259074498e-01
1.000000000000000000e+00
3.010538144156278406e-01
-1.841743037968771590e-01
3.644071202541078747e-01
1.000000000000000000e+00
-6.649822045872272325e-01
-4.834120968655434836e-01
-1.000000000000000000e+00
5.090635124968531100e-01
2.719760235405809246e-01
-7.795938918505974646e-01
6.169949338166351716e-01
1.000000000000000000e+00
-3.977156893638026380e-01
2.043863475394603890e-01
-1.053943775402010896e-02
-1.000000000000000000e+00
1.000000000000000000e+00
6.611680353160620527e-01
-1.000000000000000000e+00
1.000000000000000000e+00
5.269619776934463262e-01
-1.000000000000000000e+00
-2.075558661631910495e-01
1.000000000000000000e+00
1.000000000000000000e+00
-2.778455050195079989e-01
1.477035365915002618e-02
-1.695626528974417124e-01
-7.000137842304552382e-01
-2.034070760146277079e-01
-1.000000000000000000e+00
-1.000000000000000000e+00
1.000000000000000000e+00
-4.875861297453906174e-01
1.000000000000000000e+00
-8.516337280313324154e-01
-1.000000000000000000e+00
-1.000000000000000000e+00
2.200979115559642540e-02
-3.856130426068851702e-01
-9.381906273294594589e-01
7.024467252131509909e-01
1.000000000000000000e+00
9.323417258151885934e-01
1.000000000000000000e+00
1.000000000000000000e+00
-4.225798506288998557e-01
-7.363943143373656852e-01
2.579698094742490233e-01
6.130946941778713244e-01
-1.000000000000000000e+00
6.137405265463280468e-01
7.012991814888305253e-01
2.270670247202033476e-01
-8.882068558497200339e-01
-9.496413291157757008e-01
1.000000000000000000e+00
1.173795649940405916e-01
-5.854963232221298552e-01
-5.987303047730758720e-01
-1.000000000000000000e+00
1.492543277339359875e-01
-2.194522434281636070e-01
1.536776056343819308e-02
4.486762959359360536e-01
-3.494700719909764053e-01
-7.415072563018592078e-01
8.260269422915148541e-01
3.928258830884281960e-01
-1.000000000000000000e+00
-1.000000000000000000e+00
1.000000000000000000e+00
-1.944440907760841830e-01
9.551660673613447949e-01
1.000000000000000000e+00
-4.591003183830829615e-01
3.157147144327168142e-01
-9.934688480053133208e-01
-7.394795977815499244e-01
-3.383015675608294637e-01
-2.615068774663015239e-01
8.564565278186553332e-02
1.015262619839385760e-01
-6.952185448269654344e-01
-8.598010607188619758e-01
