2.382969971542396315e-01
-4.250562658439597241e-01
-8.699435522799151554e-01
-7.676121549883347939e-01
3.280406847856300878e-01
-1.000000000000000000e+00
-2.737361607680731668e-01
6.963130879177905630e-01
-1.906737831702229879e-01
-6.272873692110527699e-01
6.282471071186676581e-02
8.449935505332539787e-02
7.051341775036907844e-01
-5.377955297731125128e-01
9.484378265325245083e-01
4.981689625869657467e-01
-3.102911416619174023e-01
-5.052748061958718395e-01
-6.091941058531324948e-01
2.846288448485627121e-01
-1.000000000000000000e+00
9.012347548846919576e-01
-3.174086000469835689e-01
-3.929434408398295719e-01
-8.405972003708643836e-01
7.869146124529635689e-01
1.801030767571526470e-01
1.000000000000000000e+00
1.000000000000000000e+00
1.000000000000000000e+00
1.290485373987155793e-01
-1.000000000000000000e+00
-9.330157161054522530e-02
9.017750669940280961e-01
3.044755164012097337e-01
4.562125787401802857e-01
6.225259543026891995e-01
1.000000000000000000e+00
-1.000000000000000000e+00
1.000000000000000000e+00
1.000000000000000000e+00
-1.000000000000000000e+00
2.212255526746548517e-01
1.000000000000000000e+00
-8.759953631246391037e-01
1.958869655986802405e-01
-9.882559312894557690e-01
6.271434246291562875e-01
1.000000000000000000e+00
5.627838022274871399e-01
7.568215997052315513e-01
-2.299050281617604774e-01
1.000000000000000000e+00
-7.501925525944663775e-01
5.209643643724582995e-01
-3.691493962284796981e-01
-7.563339371209651940e-01
1.000000000000000000e+00
1.000000000000000000e+00
-4.817080632905251236e-01
5.133702797752339730e-01
-1.000000000000000000e+00
-4.843488108815030557e-02
-1.936626783037014299e-01
4.270492522748024489e-01
2.465471171672535267e-01
9.043961242471248996e-01
-8.839214576218945574e-02
4.926053513915625848e-01
1.000000000000000000e+00
-5.175465455885628341e-01
-8.869131217008144885e-01
1.000000000000000000e+00
-4.654210322264223376e-01
-2.608085574112795069e-02
-1.000000000000000000e+00
1.000000000000000000e+00
1.000000000000000000e+00
-5.742886466756237374e-01
-6.019659185077915753e-01
6.448080561376636766e-01
-6.304729495008178919e-01
-4.836230279732812165e-01
1.000000000000000000e+00
1.301347811382462805e-01
-6.934113237999107726e-01
-6.980252858776321290e-01
4.932876101807445735e-02
3.063059888877428527e-02
-3.336766807792559963e-01
-1.000000000000000000e+00
-1.543843701168197691e-01
1.687212553966377371e-02
7.693532654198773635e-01
-2.875418170558718955e-02
-1.000000000000000000e+00
6.312206062227510017e-01
8.986046581026272406e-01
-1.000000000000000000e+00
-3.993741675681612424e-01
4.123492630519581259e-01
6.764761841641181439e-01
7.655317393978942064e-01
1.303780029214671177e-01
-5.782508050641841368e-01
-9.134623595752705549e-01
2.909889832980731006e-01
-1.000000000000000000e+00
2.301394045647908726e-01
-2.226660434251021004e-02
-3.990359616676708576e-02
-4.633943814827865548e-01
8.066311632874880733e-01
9.127419548548072470e-01
-1.000000000000000000e+00
-1.000000000000000000e+00
5.490694551437308446e-01
-1.000000000000000000e+00
4.767863146410845632e-01
-7.146015675072651119e-01
3.519982646514984159e-01
2.547710535153955430e-02
3.730082749343130444e-01
-7.628849584743203627e-01
9.704399818860826032e-02
1.000000000000000000e+00
-9.744805692966000965e-01
1.000000000000000000e+00
-1.000000000000000000e+00
1.000000000000000000e+00
8.915600086438255634e-01
6.177442679712549234e-01
-1.000000000000000000e+00
-5.646160088654619269e-01
-1.000000000000000000e+00
1.000000000000000000e+00
-1.000000000000000000e+00
-1.000000000000000000e+00
-1.000000000000000000e+00
7.797605945838808061e-01
4.095028622095842064e-01
-1.000000000000000000e+00
2.853167599646921904e-01
-8.296096856362623617e-01
-1.532682964568242712e-01
-1.000000000000000000e+00
3.025023177552504938e-01
7.012912871091273592e-01
-4.338457137590572832e-01
8.234117893277539402e-01
1.671495083043515462e-01
8.276360520523102782e-01
1.000000000000000000e+00
-2.343489219802403767e-01
-7.287453191778694439e-01
-1.000000000000000000e+00
-1.101354468424633470e-01
3.869300362383725211e-01
-1.000000000000000000e+00
-1.000000000000000000e+00
1.031327657368708017e-02
4.933578196132634153e-01
-3.144004783434473094e-02
8.699029202584390719e-01
1.000000000000000000e+00
-1.000000000000000000e+00
5.189917070367293661e-01
-1.000000000000000000e+00
4.321693877444113818e-01
7.717237984195399747e-01
1.000000000000000000e+00
-1.871941090653350681e-01
7.284770110766675133e-01
-8.452006384536767669e-01
1.000000000000000000e+00
1.000000000000000000e+00
-4.230840167536524810e-01
-9.499324315666832774e-01
1.000000000000000000e+00
-2.350137356565650815e-01
6.673096093500106019e-01
1.000000000000000000e+00
8.991066551625626069e-03
-3.405773256672485760e-01
1.665023235573029337e-01
3.064267557461672897e-01
2.032628639816747018e-02
-1.000000000000000000e+00
2.362139987910507610e-01
4.282126118812610294e-01
1.000000000000000000e+00
-2.891024267317604535e-01
1.442298991884827242e-02
-1.000000000000000000e+00
-2.647200430141425920e-01
-2.847702671103708449e-01
5.110950140540154729e-02
5.532123600806055919e-01
-3.934851962798091574e-02
-1.281746389009272291e-01
-1.869897358362930806e-01
-1.000000000000000000e+00
7.408709826756862959e-01
-3.745977018562289262e-01
1.687737098914720568e-01
6.526321357006763524e-01
-1.000000000000000000e+00
1.000000000000000000e+00
1.000000000000000000e+00
1.000000000000000000e+00
-4.266093285446592720e-01
8.608082681454891638e-01
-3.309782164006175309e-02
-9.611554660119752125e-01
-2.036340529625969009e-01
4.510863149149663132e-01
-8.782593204253765773e-01
3.752168801694895084e-01
-2.333108007373414505e-01
-4.957385685082871252e-02
1.000000000000000000e+00
1.000000000000000000e+00
1.000000000000000000e+00
8.326017339366533765e-01
8.525841900283407382e-01
-1.000000000000000000e+00
-1.000000000000000000e+00
7.140712354673678375e-01
-8.830266533400185081e-01
-4.270679612510488443e-01
5.750452153087508567e-01
1.000000000000000000e+00
2.329030574919084273e-01
4.612635192257146244e-01
-1.039841101140820401e-01
1.000000000000000000e+00
3.954550507307140750e-01
1.000000000000000000e+00
-3.087345996082169197e-01
-1.000000000000000000e+00
-2.695406687370643373e-01
9.723273968635092190e-01
1.000000000000000000e+00
1.000000000000000000e+00
-1.864118017695179930e-01
2.168423463148580477e-01
-1.000000000000000000e+00
3.882776700311231233e-01
1.000000000000000000e+00
1.000000000000000000e+00
-7.071569116276715805e-01
6.522082237789809112e-01
1.000000000000000000e+00
1.000000000000000000e+00
5.500701389869133706e-03
1.042222104156860785e-01
1.542966506200329491e-01
3.550444647201488335e-01
1.000000000000000000e+00
5.140360598259507974e-01
-8.843846644792783263e-01
-6.389084834763907317e-01
8.600910060164381754e-01
2.753034965666003031e-01
4.530554477590068574e-01
