7.874181671424177864e+01
7.674480357663979646e+01
7.849909659390242211e+01
8.014549712093364064e+01
8.268900641541941354e+01
8.470992520773123147e+01
8.596846132017694231e+01
8.570312476806788027e+01
8.708259898863356341e+01
8.773522378932571542e+01
8.479866250142403317e+01
8.715321758203924674e+01
8.735777941073213526e+01
8.499683084824071955e+01
8.611236774991822074e+01
8.703821820851526070e+01
8.745641095782038121e+01
8.488894446601919697e+01
8.763806250187430180e+01
8.702435640640695169e+01
8.772066943367553904e+01
8.777363482653051108e+01
8.835766954253693939e+01
8.730563366428674499e+01
8.717348936167790896e+01
8.752878299421603003e+01
8.703154602565014386e+01
8.645915098511187580e+01
8.741629566028893805e+01
8.747114713000021879e+01
