9.423535511058664937e+00
7.065727291183041103e+00
1.007161419916369027e+01
7.240202288548198695e+00
6.093674446823163393e+00
4.911893054612496812e+00
3.569383790018894942e+00
3.711724341316443798e+00
9.923704280799168220e-01
9.384047963710455686e-01
4.797356254685158028e+00
1.054837697548496989e+00
8.629597837466166377e-01
6.354099438487392781e+00
3.514544461837282530e+00
9.154430429412834247e-01
9.741739642358382412e-01
4.673361828742293334e+00
9.934994806967835101e-01
4.247375128770846109e-01
9.141518882613461905e-01
8.462928356919361406e-01
1.060358195819497862e+00
5.635983820370458197e-01
1.029977988941044531e+00
7.731866944489226290e-01
4.121558800043030324e-01
3.737101444988538468e+00
1.066886471555850147e+00
8.435442230162052413e-01
