7.738653995611987746e+00
1.444893549368922514e+01
2.149855819246290167e+01
2.784256882048122250e+01
3.451182792676489441e+01
4.138738127364013053e+01
4.790307010762283824e+01
5.254803824002878798e+01
5.662949505163651054e+01
6.048657132008513315e+01
6.350865322638726695e+01
6.594999614552389744e+01
6.840983868346832253e+01
6.980559715305457757e+01
7.082506373629988161e+01
7.198697549692300868e+01
7.287507527128764195e+01
7.353711577907048991e+01
7.421798710169684909e+01
7.499868283995579077e+01
7.559935367154160701e+01
7.637912373671869659e+01
7.695505932264372007e+01
7.727532464843804405e+01
7.778829550759986944e+01
7.810064387537090624e+01
7.841127618541115396e+01
7.876051436925907012e+01
7.916027164113909009e+01
7.952520177055600925e+01
