2.990347665042311753e+00
3.847967069469717671e+00
4.210707632963729630e+00
4.123971756686072077e+00
4.331242954558691238e+00
5.165957205164365185e+00
4.999192143831796997e+00
4.491955515595184245e+00
4.621941726916079851e+00
4.542644958825370338e+00
3.536978838158699734e+00
2.680623123297612320e+00
2.059361854824317994e+00
1.680102916950122038e+00
1.315672370767887456e+00
1.465520111582303997e+00
1.483695544308624825e+00
1.624088720580221246e+00
1.528466043971552280e+00
1.355115009763980805e+00
1.382000919618451507e+00
1.298230322892248045e+00
1.422172202297672827e+00
1.307004695613101175e+00
1.179796888469373917e+00
1.217885008272186154e+00
1.144175964982989013e+00
1.056291368829461508e+00
1.048177757450758918e+00
8.737667616914988056e-01
