2.801248400459287069e+01
3.487760732109306616e+01
3.686840110717029262e+01
3.925913437953820306e+01
3.948673338575505909e+01
4.746610439084683719e+01
4.038008790959949579e+01
4.663662657347525453e+01
3.942726874735954823e+01
4.486781979849347124e+01
4.750516945998442253e+01
5.471021589330425883e+01
4.746475830259356599e+01
4.935949548182797741e+01
4.563208003693430470e+01
4.939867276150062025e+01
4.953878195355159875e+01
4.286937784272019059e+01
4.480336119013362861e+01
5.560846353932053177e+01
4.936106944581386813e+01
5.200441666748700698e+01
5.301427848757284522e+01
5.369747566546554651e+01
5.414802435540295988e+01
4.667761224696288735e+01
6.019263953842581572e+01
4.580987978178073661e+01
5.539495356324361097e+01
5.634774169967518276e+01
