1.131278611042719362e+01
1.735271799750263710e+01
1.385046277186243024e+01
9.024599011055752129e+00
1.251492480048455036e+01
1.559836534552076159e+01
9.244342636758172915e+00
1.247851023249094560e+01
1.360404585004996569e+01
9.894308797127376209e+00
1.352474719678695436e+01
1.256235358597615637e+01
1.168702004081162649e+01
1.403106244484970055e+01
1.269937125118138788e+01
1.403273015438849036e+01
1.843186773004936185e+01
1.319801529358863057e+01
1.208290008316737385e+01
1.307718460396026217e+01
1.160944145532931948e+01
1.294177747452008376e+01
1.068619996520448723e+01
1.287213346101492739e+01
1.735899215269096629e+01
1.478702511563370869e+01
1.113494137726078925e+01
1.315475834960266255e+01
1.542007864234789416e+01
1.221506517505221545e+01
