-1.596934379471135923e+00
6.431612188261326413e-01
2.966979866985419712e+00
5.381994196789539053e+00
7.650795747480133357e+00
9.902479733545975549e+00
1.215002550462841846e+01
1.439088961966102787e+01
1.578369033667048527e+01
1.765938620512044466e+01
1.922507251763996194e+01
2.088953005406056462e+01
2.215356809422943840e+01
2.327223455739308022e+01
2.418822242292080205e+01
2.518714055883605596e+01
2.609930016063011138e+01
2.688579644240981992e+01
2.759617361243069666e+01
2.860118297546983257e+01
2.917140537123503208e+01
3.012133379611122308e+01
3.078068977079987434e+01
3.145359056132674169e+01
3.200883607311829593e+01
3.247081252149013864e+01
3.303383873914717839e+01
3.332584936223121730e+01
3.384348703603274089e+01
3.439999378995135970e+01
