7.386267397811826507e-01
1.176888251438458655e+00
1.317320588273106718e+00
1.719076848065773433e+00
2.086775585408590317e+00
2.040165683631381732e+00
2.371874176557307035e+00
2.720408775152268976e+00
2.871855895242394929e+00
2.929928072574958797e+00
3.011869826738516664e+00
3.062138742474367792e+00
3.059542344903846800e+00
3.094851532850484421e+00
3.051426730945991039e+00
2.985074445147572142e+00
2.924653194786367649e+00
2.924579602035518811e+00
2.876064360103455897e+00
2.734746828687490083e+00
2.703308160744494870e+00
2.471823782381808776e+00
2.556380396511831243e+00
2.643182100782184296e+00
2.526738902240404094e+00
2.528915857135656697e+00
2.528580153937933783e+00
2.581908247894663777e+00
2.518702233896080944e+00
2.556122500960262389e+00
