-2.243024502520306607e-01
6.000000000000000888e-01
-6.793173702014210225e-01
1.000000000000000000e+00
-9.572198692549609422e-01
5.018861270510399653e-02
-2.369011978583330236e-01
5.297662041089370444e-01
-1.000000000000000000e+00
6.000000000000000888e-01
1.000000000000000000e+00
8.049100769989216975e-01
1.000000000000000000e+00
-1.000000000000000000e+00
2.946534024551753506e-01
-8.584593011814087293e-02
-1.000000000000000000e+00
-3.604957007467020080e-01
-2.874844993500437207e-01
8.365162983219891490e-01
-1.000000000000000000e+00
-2.389100710317663134e-01
5.913971712667736025e-01
9.930086779845692657e-01
4.038049370580608644e-01
-4.617033562781683864e-01
-1.000000000000000000e+00
7.922004871436361118e-02
1.000000000000000000e+00
5.648339649870361967e-01
-3.445020442053883247e-01
4.344252253560925148e-01
1.000000000000000000e+00
-3.618850388418162201e-01
1.000000000000000000e+00
1.000000000000000000e+00
4.151939659632650215e-01
9.158101223440520133e-01
8.702221814970867442e-02
1.907601530490581621e-01
3.806653311624756952e-01
1.000000000000000000e+00
4.228756370726163838e-02
-1.000000000000000000e+00
8.096282527969556053e-02
1.000000000000000000e+00
5.387805745096372334e-01
-1.000000000000000000e+00
-1.000000000000000000e+00
1.000000000000000000e+00
1.000000000000000000e+00
-1.000000000000000000e+00
1.000000000000000000e+00
-1.000000000000000000e+00
-1.672810803894854703e-01
4.248942577750344229e-01
-1.000000000000000000e+00
-1.000000000000000000e+00
1.000000000000000000e+00
-1.000000000000000000e+00
4.996403659473716008e-01
-1.000000000000000000e+00
-2.334092467000521420e-01
5.297563638730884428e-01
1.406784666560090269e-01
-7.052103781642121705e-01
6.000000000000000888e-01
-1.047047320638960777e-01
-3.443721044403467157e-01
-1.000000000000000000e+00
-1.000000000000000000e+00
-7.707908078291482168e-01
-3.454728256405571463e-01
1.000000000000000000e+00
-1.000000000000000000e+00
2.438420602477961996e-01
-9.680178658294957827e-02
1.000000000000000000e+00
-9.670393352559835121e-01
4.907806399355223448e-01
1.000000000000000000e+00
6.684447065887211270e-02
1.000000000000000000e+00
-1.000000000000000000e+00
3.897383436153153413e-01
-1.000000000000000000e+00
1.000000000000000000e+00
-1.000000000000000000e+00
-2.291708619973484851e-01
-6.559658593141423077e-01
-6.410913668205149296e-01
-2.995669817907258281e-01
-1.414501111473940309e-01
-3.123392678098819708e-01
6.521043335755477566e-01
-1.334896629098869525e-01
1.000000000000000000e+00
-1.000000000000000000e+00
5.353193312232509271e-01
9.069533217138032732e-01
-9.318356289595262076e-01
1.000000000000000000e+00
-1.000000000000000000e+00
1.175738873471093848e-01
-3.551242627319848300e-01
7.165056069658450877e-01
6.720019127090401945e-01
-4.448811059934920653e-02
6.000000000000000888e-01
-1.000000000000000000e+00
-9.394589759726832412e-01
-1.104117010055742920e-01
-1.000000000000000000e+00
-5.831249749644330516e-01
3.183762516811071697e-01
-7.327979619259905597e-01
1.000000000000000000e+00
-1.000000000000000000e+00
-8.953770026811506133e-01
-1.809943188036622352e-02
1.000000000000000000e+00
6.275558962657947770e-01
-4.114364283713672910e-01
4.971815120553274014e-01
-1.998345936289369629e-01
8.797080925771855187e-01
-9.878149865285879017e-02
-1.000000000000000000e+00
-6.338467457943768313e-01
-1.000000000000000000e+00
-4.489967149858635764e-01
-1.576831887756878769e-01
1.478561759361444738e-01
1.000000000000000000e+00
6.000000000000000888e-01
3.576874423822851146e-02
-1.000000000000000000e+00
3.763882134920127909e-01
1.000000000000000000e+00
9.371657785720057809e-01
1.000000000000000000e+00
-1.000000000000000000e+00
1.000000000000000000e+00
1.000000000000000000e+00
9.528643859574801311e-01
-1.101701428650492254e-01
-1.045004111077615372e-01
-1.000000000000000000e+00
-1.000000000000000000e+00
-2.450823739968273074e-01
-1.000000000000000000e+00
-8.050820066909112338e-01
3.798298989364866651e-01
8.962012174338341852e-01
-8.728521204486161533e-02
1.015093711481596939e-01
5.641888670370822645e-01
-6.000000000000000888e-01
3.649188988935875844e-01
-2.838178168193966622e-01
9.975377812031835933e-01
-1.000000000000000000e+00
6.469931750798398884e-01
3.636151426233490414e-01
2.696826078821681349e-01
-1.000000000000000000e+00
-7.789362208234495988e-01
-1.000000000000000000e+00
-7.643745585542363052e-01
-4.416279270853858963e-01
-1.000000000000000000e+00
-9.633915280147744564e-01
3.465641081638634602e-01
9.279595351674424508e-02
-7.900124800608889775e-01
1.555923032757915436e-01
-1.000000000000000000e+00
-1.000000000000000000e+00
-2.547417018164422897e-01
-9.677823123594330168e-01
-6.960991728935947975e-01
-7.382080122752374685e-01
4.252639495996100027e-01
-3.913918008245889091e-01
-1.634153661531854151e-01
2.432060382149131561e-03
2.285734359727090437e-01
-1.000000000000000000e+00
-1.583490901295037390e-01
-4.532401352171205877e-01
8.054591126217203190e-01
-6.317892277901322462e-01
-4.854768265219920886e-01
2.972713170199040578e-01
-2.674201651454612971e-01
1.000000000000000000e+00
1.000000000000000000e+00
9.845165786533717212e-01
-2.550069777871220023e-01
-5.753699023829423886e-01
-7.168285760181463129e-01
2.384273606521589706e-01
-1.000000000000000000e+00
-5.521537440211520265e-01
-6.231216935514009014e-01
1.000000000000000000e+00
-6.750424088631491459e-01
2.484917266609611985e-01
1.000000000000000000e+00
-9.873374315137581902e-01
-1.536407861984834256e-01
2.622571607660693083e-01
-1.000000000000000000e+00
7.305217621275145179e-01
-1.000000000000000000e+00
1.000000000000000000e+00
-2.224838905876302952e-01
1.000000000000000000e+00
1.000000000000000000e+00
-2.212213806161195118e-01
-4.391326535282310539e-01
-2.265237139804858815e-02
1.000000000000000000e+00
-1.000000000000000000e+00
3.156138651859770050e-01
-8.496346350553344307e-01
2.614754119648117769e-01
-1.000000000000000000e+00
3.416720336194551955e-01
9.868744793363238843e-01
-1.589854421138016116e-01
-9.853243376537819120e-01
7.940223011849958379e-01
6.599281047292360203e-02
1.000000000000000000e+00
-1.000000000000000000e+00
-7.322430190775497394e-02
-5.248932647096584692e-01
1.000000000000000000e+00
-1.000000000000000000e+00
-6.136083111739190077e-01
1.000000000000000000e+00
2.899322827030159644e-01
1.000000000000000000e+00
1.000000000000000000e+00
-1.000000000000000000e+00
9.044743355771474036e-01
3.690319951407636800e-01
-5.096027800680595909e-01
-1.000000000000000000e+00
1.000000000000000000e+00
-7.395556995544538825e-01
1.000000000000000000e+00
1.000000000000000000e+00
-1.220682596556907917e-01
9.062629558930803686e-01
1.000000000000000000e+00
-1.000000000000000000e+00
7.065042643843839620e-01
-1.000000000000000000e+00
-9.048169668904006979e-01
-1.000000000000000000e+00
-1.000000000000000000e+00
-1.000000000000000000e+00
-1.000000000000000000e+00
