1.096811765564737051e+01
2.174060067114290007e+01
3.750091651761923117e+01
5.068577011567691670e+01
6.244299118581628960e+01
7.132271767708833465e+01
7.675134726837799803e+01
8.048951864145115564e+01
8.428209877017962981e+01
8.639847548693192891e+01
8.881911805268011051e+01
8.907603546677175643e+01
8.914221874733530626e+01
8.942894240936193739e+01
8.969352438779415593e+01
9.014501796166628367e+01
9.048626153982336007e+01
9.060555904610374967e+01
9.082774461082389905e+01
9.093707097933661032e+01
9.113482333544057212e+01
9.121899236863286831e+01
9.137168167310416322e+01
9.154673365147247921e+01
9.158799525472832670e+01
9.158950315815762622e+01
9.164924837564326765e+01
9.167391598960273313e+01
9.170682279206519638e+01
9.171853322561457844e+01
