5.012166499188897006e-01
9.263952785058271466e-02
9.312453225932053602e-01
4.294777209561182474e-01
-1.603435289183907653e-01
9.477534927359159145e-01
-9.931631101968192432e-01
4.310822781841658902e-01
-5.540929182655436325e-01
6.458982564499087253e-01
8.381106668756630462e-01
-7.225455216245719736e-01
4.563728988135664633e-01
7.869399404843563373e-01
-1.239192537214630629e-01
7.570280664952881988e-01
3.102017762377655696e-01
6.462078757089642078e-01
-9.907684518006547592e-01
1.988289797642992518e-01
6.794139566349213233e-01
7.146050418846046082e-01
3.092099061615289912e-01
4.536370546683194949e-01
3.666248126673867791e-01
3.666920608142096860e-01
-1.780589596338628677e-01
-2.904472534873945300e-01
-8.179149331816291113e-01
3.767648521993254285e-01
8.365195749839806627e-01
-3.641838470242508841e-02
-4.562441325377550871e-01
-8.921377757873607539e-01
5.887917829847970630e-01
-3.958491202435150402e-01
9.935151869162852645e-01
-8.345905818753163175e-01
3.980023242040555687e-01
6.881962427530945448e-01
4.096054362824630424e-02
-9.817158043266174250e-01
4.494388532651241164e-01
-3.833254826801246740e-01
-3.302840651164971053e-01
-5.370519640440039044e-01
2.157438257127244352e-01
5.367697534971855866e-01
8.198759074161232618e-02
-4.088842237342460439e-01
6.504654898599191437e-01
8.896589007123261172e-01
-1.971038393630153429e-01
-1.565063277230966943e-01
-9.798763698742805062e-01
-8.075898548546665001e-01
7.178429296558239692e-01
9.466670372499459418e-01
-5.144084320778019581e-01
6.132581107342371940e-01
-2.306113608915685287e-01
-2.559657577602247880e-01
9.311460617245770344e-01
2.968825052175467771e-01
-8.132163279153723501e-01
-9.566707325187584487e-01
-2.034342634342189982e-01
-6.140807957507852244e-01
-6.785929132478500936e-01
3.484987205078151074e-01
6.478761243275110715e-02
8.544018761026783704e-01
5.612910949789811088e-01
8.946981181990143472e-01
9.850780919261745705e-01
6.170588468781894598e-01
1.583365412844628395e-02
6.439774785672414126e-01
1.616102466437574492e-01
-2.775214234999756613e-01
-3.677785360599501452e-01
5.943008654878925157e-01
1.759278843631533196e-01
-5.348772107276185128e-01
-2.681011471238381461e-02
-8.224415596246723581e-01
1.897658411778397891e-01
1.108173146135138509e-02
-8.584835785971183242e-01
2.930877365584549921e-02
-9.332074141830815073e-01
-8.752236840131122353e-01
2.996677032573746846e-01
-2.062235132127601123e-01
-5.338033899373586522e-01
-1.510636069047299745e-01
-4.523021198647709795e-01
3.287944051608091556e-01
1.240593979937238966e-01
-4.912112655296019259e-01
7.161138594257310253e-02
3.670796846692812032e-01
6.880610293453859327e-02
6.420099703051742601e-01
-4.628838834584081408e-01
-7.161584969565661929e-01
5.340614290976473111e-01
7.833192134640800663e-01
-3.246081462178451726e-01
6.808454174186295838e-02
-5.482927819274541203e-01
-5.531031734250491105e-01
-1.392060011575477763e-01
-7.300746703752025724e-03
2.058929856090145893e-01
-9.570156181706512832e-01
3.384225105458769089e-01
-6.171407032056535069e-01
-9.337689002611582190e-01
4.254186345465498231e-01
-7.228523772951020998e-01
-3.118375781067852515e-01
-7.753749769500513089e-01
-7.875933895261160167e-01
7.389773677833302301e-01
3.795822917906426230e-01
6.227536748319073556e-01
-8.104837626280174678e-01
1.567469693763001437e-01
-9.369827590690489316e-01
2.467334111536565455e-01
1.329512365892731030e-01
8.032880729192419800e-01
-4.756376978736320815e-02
-8.811340802053522214e-01
-4.086718016062840242e-01
-4.755620748559599154e-01
-4.698259708529920614e-02
-8.949973642538939789e-01
-4.258367956190676207e-01
7.098922971225727352e-01
-1.346356135724358083e-01
9.973486738007379948e-01
1.599797329092238485e-01
-7.398237384177830389e-01
-8.836913369639955995e-01
8.079450162031494020e-01
-7.192533224661861180e-01
4.923063292539719971e-01
5.017175976257994829e-01
-4.302231286740001437e-01
-5.484205512910333979e-01
-2.913120068221513037e-01
-5.805222877083471289e-01
6.851967909452423289e-01
3.640064356404459911e-01
4.729650883570801767e-01
4.535961643674064625e-01
8.765050812668828684e-01
-3.506902595474126194e-01
2.291906043423193040e-01
8.863053373777003419e-01
-6.630483918506253627e-01
7.488190599245658774e-01
9.310355673913170982e-01
1.569612585741018140e-01
-9.652755967289194938e-01
-5.680892829186914295e-01
2.938203839699764508e-01
-9.231412243929473238e-01
-8.492845817238845463e-01
-7.050136167084131156e-01
7.542474517482702367e-01
5.042124750702556835e-01
4.346508220912601583e-01
7.641289418753147711e-01
-5.274757640134764003e-01
-3.253659698902734709e-02
-4.544295117843666354e-01
-3.293017935264512808e-01
-8.081651767997379832e-01
5.484457686045107749e-03
-7.216652949246096238e-01
6.141155178842994111e-02
-3.345233476741507062e-01
2.204067134163383290e-01
5.089620326419275198e-01
-6.781707161460086564e-01
-5.402914756130468010e-01
1.777423811540430609e-01
-1.125969073344188498e-01
-9.383456908780640759e-01
9.178936781202564621e-01
-8.229898676804823232e-01
-2.999276623607969317e-01
3.476607071436801366e-01
-2.964954612136765366e-01
-7.688227480429261629e-01
9.505421703308676307e-01
-7.021333971383281192e-01
5.518164086359971243e-01
-1.002559887367258096e-01
2.027236680184232309e-01
-7.069513721079401236e-01
-7.082685253283378390e-01
-4.007513194215248653e-01
7.193443501736600521e-01
2.478647916890399650e-01
-1.735027071333552495e-01
-9.100198589099022239e-01
-9.171991021481999962e-01
4.529030230333961349e-01
-4.333759178100535792e-01
9.467964480182728959e-01
8.073712946435547266e-01
4.403135344246627003e-01
2.860175162786799952e-01
5.899698181582075929e-01
7.215960890176114084e-01
-4.281522378527033990e-01
-1.654254967103165885e-01
4.725484304455880302e-01
6.375405861031602228e-02
9.302594157179218115e-01
-2.850335478807137779e-01
-4.239500072794515351e-01
-7.107460571548573913e-01
-8.131740063394268248e-01
3.964319935411131368e-03
-1.021479595526497697e-02
-4.973150533909602711e-01
-5.163182702321822415e-01
-4.217415053829991489e-01
2.665061878135857043e-01
8.359955943397134881e-02
-4.464074968617517403e-01
-4.482915392914150754e-01
3.912021140000871977e-01
-3.098145719756304484e-01
4.949860145774913622e-01
8.745549236166065832e-01
1.366472428712375287e-01
2.893559545135391264e-01
-9.370147321216784064e-01
-6.439207251909682128e-01
-3.377596491446597238e-01
9.386982389048412756e-01
-8.379989272865748795e-01
9.876294433573014064e-01
-1.064661522237442259e-01
-7.101204715640683229e-01
-2.307115034126583364e-01
-5.692662125906786663e-01
6.814254143042108858e-01
3.471147457920098489e-01
-9.022392219040666905e-01
-7.687278285230640940e-01
-9.421528809198831400e-01
-8.652485433122514280e-02
-8.839618560712401152e-01
-4.865849553319265830e-01
-7.710394308735362134e-01
3.166228277136147184e-01
-2.243138172189997892e-01
1.891015635160664399e-01
