-3.015712683631150526e+00
-2.908343662523788620e+00
-1.509523007194208399e-01
-2.541081919089241747e+00
-1.635920506269172847e+00
-2.693979482823186444e+00
-3.940283490487390683e+00
-3.732748135439622583e+00
-4.082612363757682772e+00
-3.788634357569355515e+00
-3.407814719009341964e+00
-3.548588731444638267e+00
-3.894678685815300856e+00
-2.420816888263614075e+00
-1.547136228866349716e+00
-1.399304180745986281e+00
1.603992738540008789e+00
3.080390755106494183e+00
8.742682001458229379e+00
1.343972688483475686e+01
8.929372732220011599e+00
1.719207068294992879e+01
1.356177024244264828e+01
1.665895266789593165e+01
3.072290584508755273e+01
2.542757168363855413e+01
2.174468903817314924e+01
2.517944532703212701e+01
2.991749191390205098e+01
3.856957027471448640e+01
