1.299575454840534050e+00
3.996712989331450583e+00
1.033200398371636552e+01
1.503432018362154565e+01
2.549888860552032810e+01
3.267639908135587490e+01
4.905947204766562919e+01
4.581979779207879488e+01
4.706174620989858681e+01
5.081612600632946908e+01
5.370020784659531898e+01
5.924861609011552588e+01
5.713708695956349715e+01
5.628568534648629651e+01
5.600473318262432088e+01
4.814315399859482625e+01
5.619480520503099541e+01
5.726331317190663128e+01
5.637049682635379355e+01
5.237360859419388248e+01
6.133468511511345156e+01
5.502832167347548165e+01
6.461664764144906314e+01
6.856989710560834794e+01
6.670296577744079514e+01
7.001080854973616852e+01
7.108569351868212038e+01
6.840519657280241006e+01
6.684002407033744930e+01
7.007544055368110492e+01
