1.284094470078547090e+01
8.471165549623893298e+01
2.190624979919323323e+01
3.937237888630936311e+01
3.058835394814496311e+01
3.917695410451698024e+01
3.038687189361192509e+01
4.845092391510478791e+01
6.646266573298146341e+01
4.814206684551653836e+01
6.622234767677734624e+01
5.731302464366017091e+01
5.723167900420622800e+01
5.723167900420622800e+01
7.542405089685368580e+01
4.835455310235675341e+01
5.747853908213776464e+01
6.614779752022552373e+01
8.433105438238982288e+01
7.525060701409174158e+01
6.611112204166711592e+01
6.657504998251859263e+01
8.442394224923465629e+01
8.454394224923464662e+01
8.442394224923465629e+01
8.417105438238979787e+01
8.417105438238979787e+01
8.417105438238979787e+01
8.430394224923465174e+01
8.442394224923465629e+01
