2.147304206931109682e+00
7.961489059280701497e+00
2.409477383018749563e+01
2.630558285813765451e+01
4.132312240909848811e+01
5.345749718792382055e+01
4.792226553431891034e+01
5.658541498285630666e+01
5.324438167296179358e+01
5.246371075313649612e+01
5.052555791810332408e+01
5.695239938388146328e+01
6.182820489475764703e+01
6.074393838435570814e+01
6.155284778121018263e+01
6.500815556942470153e+01
6.275533015770379563e+01
6.307876789842037368e+01
5.980249176726131566e+01
6.020807973807141877e+01
6.949225565327323295e+01
6.173547339435309311e+01
7.637162835474886435e+01
7.368558686611997643e+01
6.936554247248558625e+01
7.676829541192630302e+01
7.727428981896090932e+01
8.135828829824394859e+01
7.387509475714504958e+01
8.300028815634861701e+01
