-3.185961789716273973e-01
7.443735867534075901e+00
1.458039055137061446e+01
1.972693074888243814e+01
1.962692736382211578e+01
2.482169824109606537e+01
2.386788698833137090e+01
2.426748865631840957e+01
2.948763393206733952e+01
3.121373150996868873e+01
3.067750332757032439e+01
3.309822589655460234e+01
3.099410923638422588e+01
3.128377267713949550e+01
3.656679607948161248e+01
3.776181515982729309e+01
4.280810832142648081e+01
4.998759857702840037e+01
5.012159656760808701e+01
5.252142877914506158e+01
5.759412059880806112e+01
5.774369391404263041e+01
6.013228073413642960e+01
5.974589085408533151e+01
5.628382482788592256e+01
6.211256736047318583e+01
6.213063100056886157e+01
6.412063935587870844e+01
6.713037057055788637e+01
6.187889789266041873e+01
6.683271747305542476e+01
6.523121701489338875e+01
6.580348729519454309e+01
6.520180544885678842e+01
6.730896719590344901e+01
6.557339590008250241e+01
6.634351002889673055e+01
6.812342380737028691e+01
6.740248209721376327e+01
6.932151113303612533e+01
6.712129228850726292e+01
7.005881769733501585e+01
6.801282616621018917e+01
6.803153399882857855e+01
6.986162491176231981e+01
7.067703805834410957e+01
7.065465833524589812e+01
7.124691545981906415e+01
7.276093874006765816e+01
7.090633508318133238e+01
7.123268393895597228e+01
7.334030341416831789e+01
7.319332110846229966e+01
7.473445158988430137e+01
7.515697352440582790e+01
7.425595258372433705e+01
7.631247362634550768e+01
7.619741361480565445e+01
7.646769272366250902e+01
7.484137853617583858e+01
7.394042864547925831e+01
7.428359538574606802e+01
7.629929867965108770e+01
7.465257355895887770e+01
7.682011000359790387e+01
7.760858422969674564e+01
7.713406217748588745e+01
7.735264565986180685e+01
7.779584410501819036e+01
7.827888874216054660e+01
7.463408059466800637e+01
7.641527776083435697e+01
7.560350928289720684e+01
7.642480754235162976e+01
7.688193114866119515e+01
7.653075251422646375e+01
7.545005488630452817e+01
7.459533658523847066e+01
7.654437399745371806e+01
7.708450439664424891e+01
7.599991710346756690e+01
7.430997289283045859e+01
7.664595964292122687e+01
7.728240806322889966e+01
7.800268625325317373e+01
7.695370235065033171e+01
7.523141500086107669e+01
7.680853979241123852e+01
7.794790145996634578e+01
7.528958630035808142e+01
7.840450586368739039e+01
8.023616990890162981e+01
7.878567312009086265e+01
7.900692212912204582e+01
7.977582869991510961e+01
8.015260311767752910e+01
7.962632818552391711e+01
7.932558349626589234e+01
7.840750824634196192e+01
8.060034194400947172e+01
