2.200956741322126220e+01
6.647057091248858285e+01
6.647057091248858285e+01
2.191859563501553509e+01
3.957504998251860684e+01
3.962472159231583646e+01
3.064341372532798857e+01
8.681959913428286768e+01
3.955758228947820498e+01
4.837598249381265703e+01
3.060637245364763714e+01
3.069669509194092427e+01
5.714492807779757300e+01
4.843547959267729652e+01
4.840901301948915147e+01
5.730964054567594701e+01
3.953193985886485962e+01
4.857504998251860684e+01
5.742027017401377975e+01
6.618288884003681005e+01
5.742027017401377265e+01
6.617399989261954829e+01
5.741275134159974414e+01
5.729621752534379198e+01
5.714206684551653126e+01
5.741275134159974414e+01
5.741650369121830977e+01
6.611112204166713013e+01
6.611112204166713013e+01
5.741275134159974414e+01
