2.190624979919323323e+01
3.938322890233342832e+01
2.190624979919323323e+01
3.069173230259879404e+01
5.757504998251859263e+01
4.842405089685369290e+01
4.835809292906188261e+01
4.840157804100162764e+01
4.840157804100162764e+01
5.741275134159974414e+01
5.741275134159974414e+01
6.621003982910274033e+01
7.520090734553949119e+01
6.709472522156156060e+01
7.519185751001955964e+01
7.518586946817492844e+01
7.519486503108350917e+01
7.519185751001955964e+01
7.519185751001955964e+01
6.622855887686998244e+01
6.626342770252080072e+01
6.621617481767026447e+01
6.621925648420767629e+01
7.519185751001955964e+01
6.622234767677736045e+01
7.518885900702329650e+01
7.519185751001955964e+01
7.519185751001955964e+01
7.521310261863328606e+01
7.521310261863328606e+01
