-1.752722814895608217e+00
1.943192100865740901e+00
4.825654341583327067e+00
9.725864201163750167e+00
1.648249635444798145e+01
1.779983280347034125e+01
2.212398891316236416e+01
2.200778414894864099e+01
1.687813149987444916e+01
2.610497854436362530e+01
2.549583829337074903e+01
2.821924656256082642e+01
2.802131171964235890e+01
3.342426440424464573e+01
3.464340141776347082e+01
3.757945378581875673e+01
3.782366940945644984e+01
4.107075952616471426e+01
3.826505678800072729e+01
4.243378949916215959e+01
4.851877458004943122e+01
5.041637873233230493e+01
4.920736333339705482e+01
4.937084641375174954e+01
5.394717069190138403e+01
5.127145662226207889e+01
5.912485308322062139e+01
6.405623618872976976e+01
6.028895305676250160e+01
5.274299671716400439e+01
6.266553111185228886e+01
5.623178320603713587e+01
5.525626561958165439e+01
6.147208676378944148e+01
5.665666197862903886e+01
6.063878930679432244e+01
5.535727279293174519e+01
5.801271713649176576e+01
6.191532609590777270e+01
6.176252531360037779e+01
6.187039399271267115e+01
6.746362616432298864e+01
6.739811628629776408e+01
7.024822367676929957e+01
6.911727692383803401e+01
6.901542990987074688e+01
7.021096519378941991e+01
6.986910835384490781e+01
7.205261657121280905e+01
6.877021658446447816e+01
7.327167513304631541e+01
7.166299897371744976e+01
7.301624218207076922e+01
7.258713222105239993e+01
7.265133372004795831e+01
7.214232528977991876e+01
7.176630577971454272e+01
7.059734290683502422e+01
7.241845210009982736e+01
7.170751551396627121e+01
7.151871119248716013e+01
7.161263422809761892e+01
7.348260201138050718e+01
7.403008432374872427e+01
7.528866286082566717e+01
7.546725689504191337e+01
7.547109041594202949e+01
7.538359726890915624e+01
7.583668674368890095e+01
7.637702712865184651e+01
7.646928940473071634e+01
7.647091605135571513e+01
7.619966541486111566e+01
7.637819700672845613e+01
7.656039122550936327e+01
7.628751394238976502e+01
7.602202272344246126e+01
7.610779414873189808e+01
7.520905649185729658e+01
7.628917860112319715e+01
7.592832135723283216e+01
7.619966541486111566e+01
7.619966541486111566e+01
7.647037383581404413e+01
7.620117886800252904e+01
7.656205588424279540e+01
7.566181769477977070e+01
7.592761867034528223e+01
7.601726220602984085e+01
7.646485588383060872e+01
7.665048463942156332e+01
7.584084406730394790e+01
7.602000340566158343e+01
7.647037383581404413e+01
7.665211128604656210e+01
7.629624790747740803e+01
7.655988702207613983e+01
7.638140286509361943e+01
7.638029069474147548e+01
7.619848756264408962e+01
