3.044652238534668953e+01
3.950284017305735773e+01
4.398849351860778256e+01
5.276021225735566134e+01
5.278959491196879128e+01
5.393649755787104993e+01
4.843299754395791012e+01
5.318679402095821729e+01
5.738893469616849785e+01
7.079682062863622605e+01
5.882109505866672094e+01
6.337514330640507154e+01
6.703289110226683079e+01
6.706622444794592752e+01
6.263175206632728731e+01
7.222062320871376073e+01
6.268527910865886810e+01
6.696671524346105286e+01
6.755443748154760897e+01
7.579200725547482875e+01
7.661993943044920741e+01
7.600339421891618485e+01
7.583993943044920627e+01
7.606789065465969202e+01
7.605146614919266312e+01
7.613689990741102065e+01
7.611607447674512628e+01
7.649011879177325568e+01
8.066237498965105601e+01
7.611924481750884297e+01
7.615062412872839559e+01
7.612062412872839445e+01
8.047938096872874780e+01
8.066237498965105601e+01
8.047938096872874780e+01
8.054237498965105146e+01
8.063237498965105488e+01
7.615344618095105034e+01
7.615062412872839559e+01
7.637752633466583063e+01
7.614299754395791808e+01
7.643752633466581869e+01
7.615789065465966701e+01
7.614924481750884411e+01
7.615200725547484240e+01
7.615200725547484240e+01
7.615200725547484240e+01
7.620299754395792036e+01
7.620299754395792036e+01
7.619538704695274589e+01
7.619841735925859894e+01
7.619841735925859894e+01
7.620607447674511548e+01
7.620607447674511548e+01
7.619993943044920570e+01
7.620146614919264039e+01
7.620146614919264039e+01
7.620607447674511548e+01
7.620607447674511548e+01
7.620146614919264039e+01
7.620607447674511548e+01
7.620607447674511548e+01
7.620607447674511548e+01
7.620607447674511548e+01
7.620607447674511548e+01
7.620607447674511548e+01
7.620146614919264039e+01
7.620146614919264039e+01
7.620146614919264039e+01
7.620146614919264039e+01
7.620146614919264039e+01
7.620146614919264039e+01
7.620146614919264039e+01
7.620607447674511548e+01
7.620607447674511548e+01
7.620607447674511548e+01
7.620607447674511548e+01
7.620607447674511548e+01
7.620607447674511548e+01
7.620607447674511548e+01
7.620607447674511548e+01
7.620607447674511548e+01
7.620607447674511548e+01
7.620607447674511548e+01
7.620607447674511548e+01
7.620607447674511548e+01
7.620607447674511548e+01
7.620607447674511548e+01
7.620607447674511548e+01
7.620607447674511548e+01
7.620607447674511548e+01
7.620607447674511548e+01
7.620607447674511548e+01
7.620607447674511548e+01
7.620607447674511548e+01
7.620607447674511548e+01
7.620607447674511548e+01
7.620607447674511548e+01
7.620607447674511548e+01
7.620607447674511548e+01
