-3.589252118977666495e+00
-1.774344631261406624e+00
-1.323025404831033702e+00
-4.073856456122215697e+00
-2.396247835695040962e+00
-2.567371276820832549e+00
-4.153814222942068035e+00
-2.155685702543761906e+00
-1.474623189465885664e+00
3.583055067721786724e+00
3.556647226808874684e+00
3.175536823715477741e+00
1.191364574104285978e+00
6.882395516972066307e-01
-2.539370243358642476e+00
-2.318332675277359201e+00
-1.625934541290746216e+00
1.269675636612009217e+00
1.201073485938863650e+00
6.688160848322918461e+00
9.382100179626162273e+00
1.745258445549434967e+01
2.403801328943052340e+01
2.994999288626681988e+01
3.123916188121392778e+01
3.495864523759946962e+01
3.344332408532618928e+01
3.175829636381000043e+01
3.694309676859884917e+01
3.657189714921546653e+01
