-3.060202306885032808e+00
-2.297080185037638334e+00
1.569718532372280873e+00
3.185192273807440078e-01
2.998763516132127549e+00
1.624294542264563379e+00
1.654931784999370770e+00
2.508718076743566616e+00
6.875157966919190899e-01
5.013744731756658801e+00
1.248207396589114282e+01
9.865539122471364664e+00
1.231679951275252805e+01
1.502649434688431995e+01
2.447706868992646534e+01
2.253997188219734937e+01
2.430179465538359196e+01
3.126547017491287050e+01
2.577146584140437113e+01
2.825267466219223067e+01
3.430081890618659912e+01
3.147099446058098238e+01
3.396856989452943054e+01
3.842381875884055376e+01
2.934774378557816377e+01
3.165262132092266611e+01
3.018927034353145089e+01
3.309402591699866036e+01
3.647951002357471850e+01
3.933889377129035836e+01
