-1.363303798402434319e+00
3.725311000450352683e+00
7.905946358417883957e+00
1.526010317168688957e+01
1.942863213466361927e+01
2.383409464616756424e+01
2.145103676090689149e+01
2.204000780042509078e+01
2.837141522916972391e+01
2.868056979599759870e+01
2.805909496221735466e+01
2.669813866629171883e+01
2.508999381283438623e+01
2.967497353575195973e+01
2.753286621024764003e+01
3.134719860301415650e+01
3.067892554707570696e+01
3.003110582439621723e+01
2.981005667518548208e+01
2.974046417305078549e+01
3.939622060066579934e+01
3.931088282966695147e+01
3.972307732462322605e+01
4.028541358125725225e+01
4.364565213408872069e+01
4.471222104300739630e+01
4.846347180119371245e+01
4.845902529808414982e+01
5.041715909015267272e+01
5.102230504228536745e+01
4.343501424210104034e+01
5.216746253569858993e+01
5.107490131205155137e+01
5.693692805620997177e+01
5.784713639200095514e+01
5.991043783765646680e+01
6.066225133152585158e+01
5.714835952322800949e+01
6.465943028152003080e+01
6.188982142503642336e+01
6.461746249471516990e+01
6.143336338654529527e+01
6.631109071817255085e+01
6.356126762392364782e+01
6.151145360838955867e+01
6.488872167179918904e+01
6.741898885597534274e+01
6.677082789673544028e+01
6.586814993988637923e+01
6.769857326388466845e+01
6.809317401332424424e+01
6.760553553643042335e+01
6.913388782627765750e+01
6.820269931882604908e+01
6.784764245042724440e+01
6.593526811258868747e+01
6.978007274865164788e+01
6.947841210266486200e+01
6.949127449820122138e+01
7.015277068098563973e+01
7.099918584364843355e+01
7.173046686301877628e+01
7.090291267082669435e+01
7.113383313829631049e+01
6.880391645032011638e+01
7.020592652938299238e+01
7.171260955496735789e+01
7.280957283369635036e+01
7.233503240729224615e+01
6.794427584898029693e+01
7.092604993343587694e+01
6.944665062921058052e+01
7.055092820069256732e+01
6.909624709534918452e+01
6.890099728450667271e+01
6.949332882407597367e+01
7.073795737353353275e+01
7.144394496802276251e+01
7.118024878936955702e+01
7.395510254912942116e+01
7.370352456302934741e+01
7.265633842793606334e+01
7.527653806489705346e+01
7.638250754031355427e+01
7.693127545875833562e+01
8.114119947812859834e+01
8.061785487243361104e+01
8.308943950996705041e+01
8.174618843431576920e+01
8.074248912601012762e+01
8.175792508260401803e+01
8.000891775641376569e+01
8.276081221352600892e+01
8.410466080435520553e+01
8.321228198805954435e+01
8.396814948584815852e+01
8.437321844851807384e+01
8.242734542205342052e+01
8.460497704737508684e+01
8.636142010744282516e+01
