-3.681659434371696182e+00
4.280460528176049939e-01
2.793002818412332555e+00
1.212662733941123561e+00
-1.630549658372696387e-01
5.001491407273991330e-01
-3.335747289232146584e-01
-4.537989848451893793e-01
-1.200938515154143182e+00
-1.591149193367369596e+00
-1.059441355796629347e+00
-1.202431393332002107e+00
3.807190120464916672e-01
3.086467953512935569e+00
1.631725051899439727e+00
6.115957993701694129e+00
4.491328457697961518e+00
6.250941415133293155e+00
1.929914662529746749e+01
1.702297431940260708e+01
1.844635553059164579e+01
3.073930658069763311e+01
2.928496806768768224e+01
3.075568272426763627e+01
2.881578805586320513e+01
3.081478684533777113e+01
3.203894723337253936e+01
3.610552402927552862e+01
3.091806942390652679e+01
3.487386130260692596e+01
