6.601103858311013539e+01
6.662472159231583646e+01
7.552353644806848365e+01
7.554467888464229475e+01
8.673289246928256091e+01
8.685289246928255125e+01
8.583679627126201694e+01
8.679289246928256318e+01
8.713935834262663604e+01
8.601288973525115011e+01
8.511289246928255636e+01
8.679289246928256318e+01
8.619289246928255466e+01
8.595289246928255977e+01
8.637289246928256148e+01
8.601289246928256205e+01
8.601289246928256205e+01
8.655289246928255409e+01
8.595289246928255977e+01
8.601289246928256205e+01
8.613289246928255238e+01
8.625289246928255693e+01
8.589289246928255750e+01
8.643289246928256375e+01
8.625289246928255693e+01
8.637289246928256148e+01
8.705788162462297919e+01
8.601289246928256205e+01
8.705788162462296498e+01
8.705788162462296498e+01
