4.800853545289201918e+01
2.163870783429057099e+01
3.922544845445558792e+01
3.061092827018349638e+01
4.852353644806848365e+01
3.967699002086160220e+01
4.848254710353529617e+01
4.838687189361193930e+01
2.190624979919323323e+01
6.622234767677736045e+01
5.728957298262513831e+01
3.051520306650934344e+01
3.963402398497815682e+01
4.846266573298146341e+01
1.296304739758636870e+01
3.061092827018350349e+01
3.045873645484157066e+01
4.820090734553947698e+01
2.176355803717004989e+01
3.557582289478204984e+00
1.249061166337202167e+01
1.253193985886487383e+01
3.038687189361192864e+01
5.722855887686998955e+01
5.725060701409175579e+01
4.841275134159975835e+01
6.621003982910275454e+01
4.837959913428284153e+01
5.741650369121830977e+01
6.611389596854984063e+01
