-4.265230656257627651e+00
-2.575250831914041250e+00
-1.924113518810721457e+00
-1.618222652634134118e+00
-2.703310966730297249e+00
-2.681342490262210720e+00
-2.850280676928814927e+00
-1.232364965497384723e+00
-3.372463299637927125e+00
-3.902083554227561812e+00
-4.255192426970282327e+00
-4.780435246388241133e+00
-4.250946318386805700e+00
-4.945053166355130259e+00
-5.144261910802482518e+00
-5.164467560225839193e+00
-5.127638271259908898e+00
-5.118815042152712103e+00
-4.948783478374357614e+00
-4.593485789561482235e+00
-5.135030963606149967e+00
-5.125246714635261824e+00
-5.118815042152712103e+00
-5.117993812416756327e+00
-5.122859779482610065e+00
-5.131998915250608917e+00
-5.128919080041039358e+00
-5.127723983152161935e+00
-5.117993812416756327e+00
-5.127346588273570482e+00
