3.924822921317005608e+01
3.924822921317005608e+01
3.495494464073652807e+01
5.289419793370401379e+01
4.365006932034253850e+01
3.961832196495140579e+01
5.889375010457527537e+01
5.849523737938038437e+01
5.310404776789594905e+01
5.399996780919617123e+01
5.719981579225736823e+01
5.270031999552148960e+01
5.297170598675585040e+01
7.227605484211318299e+01
7.227605484211318299e+01
7.227605484211318299e+01
6.739938096872874951e+01
7.654200725547484296e+01
7.219658132164816777e+01
8.084087573815293126e+01
7.573200725547482648e+01
7.630200725547483387e+01
7.662524019214689019e+01
7.662524019214687598e+01
7.665373793267156088e+01
7.662524019214687598e+01
7.648200725547482648e+01
7.662524019214687598e+01
7.648200725547484069e+01
7.662524019214687598e+01
7.662524019214689019e+01
7.663050499599953014e+01
7.591339421891618144e+01
7.662524019214687598e+01
7.662524019214689019e+01
7.662662715558823834e+01
7.662524019214689019e+01
7.665373793267156088e+01
7.665373793267156088e+01
7.662524019214689019e+01
7.665373793267156088e+01
7.665373793267156088e+01
7.664387875018303475e+01
8.115963770613713280e+01
7.662662715558823834e+01
7.662662715558823834e+01
7.666261390540077514e+01
7.665373793267156088e+01
7.662662715558823834e+01
7.662662715558823834e+01
7.662662715558823834e+01
7.662662715558823834e+01
7.662662715558823834e+01
7.662662715558823834e+01
7.663050499599951593e+01
7.662662715558823834e+01
7.662662715558823834e+01
7.665373793267156088e+01
7.662662715558823834e+01
7.665373793267156088e+01
7.665373793267156088e+01
7.665373793267156088e+01
7.665373793267156088e+01
7.665373793267156088e+01
7.665373793267156088e+01
7.665373793267156088e+01
7.665373793267156088e+01
7.665373793267156088e+01
7.665373793267156088e+01
7.665373793267156088e+01
7.665373793267156088e+01
7.665373793267156088e+01
7.665373793267156088e+01
7.665373793267156088e+01
7.665373793267156088e+01
7.665373793267156088e+01
7.665373793267156088e+01
7.665373793267156088e+01
7.665373793267156088e+01
7.665373793267156088e+01
7.665373793267156088e+01
7.665373793267156088e+01
7.665373793267156088e+01
7.665373793267156088e+01
7.665373793267156088e+01
7.665373793267156088e+01
7.665373793267156088e+01
7.665373793267156088e+01
7.665373793267156088e+01
7.665373793267156088e+01
7.665373793267156088e+01
7.665373793267156088e+01
7.665373793267156088e+01
7.665373793267156088e+01
7.665373793267156088e+01
7.665373793267156088e+01
7.665373793267156088e+01
7.665373793267156088e+01
7.665373793267156088e+01
7.665373793267156088e+01
