6.604935744741226245e+01
7.502364909070206522e+01
8.625282822853991149e+01
6.605720062487330324e+01
8.713935834262663604e+01
8.525642023266134117e+01
8.601282822853990240e+01
8.643289246928256375e+01
8.661289246928255636e+01
8.583289246928255523e+01
8.713935834262662183e+01
8.713935834262665026e+01
8.713935834262663604e+01
8.709289246928256034e+01
8.713935834262662183e+01
8.713935834262663604e+01
8.713935834262662183e+01
8.713935834262663604e+01
8.713935834262665026e+01
8.713935834262663604e+01
8.713935834262663604e+01
8.713935834262663604e+01
8.713935834262665026e+01
8.715991706964767616e+01
8.713935834262665026e+01
8.713935834262665026e+01
8.713935834262663604e+01
8.723788162462295759e+01
8.713935834262665026e+01
8.713935834262665026e+01
