3.044652238534668953e+01
3.956896440169973772e+01
4.828330243699328861e+01
6.329494124507207431e+01
4.368598086396463032e+01
6.325847031605241710e+01
4.528654234556615421e+01
5.424222643922899323e+01
4.392123229525281403e+01
4.864345822713033840e+01
5.746294481140974852e+01
4.831625828934006250e+01
3.966984324512036864e+01
5.723402826459700776e+01
5.313951299632415726e+01
4.630249746546626000e+01
6.769180806451986143e+01
5.727918323796200184e+01
6.782988218144723191e+01
4.621532208994315027e+01
7.605382539203017700e+01
6.327046819181413184e+01
7.174092062401452097e+01
7.224342158552863680e+01
7.674174129979273573e+01
8.127564910074576687e+01
7.207016952413563615e+01
7.669095272308095446e+01
8.132228839994922964e+01
8.095648090035786026e+01
7.657048504753191764e+01
7.676280547547574429e+01
8.130990115784987893e+01
8.580768766603762288e+01
8.095072840768629874e+01
8.122654234556614483e+01
8.676746057224352171e+01
8.069541832952103277e+01
8.126621434274559874e+01
8.167571577571015951e+01
8.604449821175717261e+01
8.682095272308097833e+01
8.699476856043094131e+01
8.587143520930962381e+01
8.158371976507538648e+01
7.709578500899758069e+01
8.636021436407914109e+01
8.595878739616728126e+01
8.141786212199468764e+01
8.141786212199468764e+01
8.130128025463264407e+01
8.611535492658143198e+01
8.748286034891124530e+01
8.623535492658143653e+01
8.200571577571015780e+01
8.640571577571016348e+01
8.568568365533884901e+01
8.694286034891123904e+01
8.634771978640893053e+01
8.182878567696242555e+01
8.144092700785843419e+01
8.203371976507538932e+01
8.679286034891123336e+01
8.712286034891124586e+01
8.634449821175715556e+01
8.685286034891123563e+01
8.691286034891122370e+01
8.616286034891123791e+01
8.616286034891123791e+01
8.598571577571017599e+01
8.595449821175716920e+01
8.691453033212849277e+01
8.632535492658143994e+01
8.607449821175717375e+01
8.632535492658143994e+01
8.691286034891122370e+01
8.629535492658143880e+01
8.637571577571017656e+01
8.688286034891123677e+01
8.715289246928256262e+01
8.730289246928255409e+01
8.715289246928256262e+01
8.715289246928256262e+01
8.721289246928255068e+01
8.715289246928256262e+01
8.721289246928255068e+01
8.730289246928255409e+01
8.730289246928255409e+01
8.730289246928255409e+01
8.730289246928255409e+01
8.715289246928256262e+01
8.715289246928256262e+01
8.715289246928256262e+01
8.715289246928256262e+01
8.715289246928256262e+01
8.715289246928256262e+01
8.715289246928256262e+01
8.715289246928256262e+01
8.715289246928256262e+01
8.715289246928256262e+01
