3.038322890233342832e+01
3.906246379491757637e+01
3.052772932632852587e+01
3.956627799644575560e+01
3.950283177470680585e+01
5.710835578817422231e+01
3.081261419415924863e+01
6.610559716573513356e+01
4.826665872310225325e+01
4.838322890233343543e+01
7.518586946817492844e+01
5.718885900702329650e+01
5.741275134159974414e+01
5.737959913428285574e+01
6.619788162462293712e+01
6.617399989261954829e+01
6.620394224923461479e+01
5.741275134159974414e+01
5.719486503108350917e+01
5.741275134159974414e+01
6.619185751001955964e+01
6.611112204166711592e+01
5.726665872310225325e+01
6.611112204166711592e+01
6.611112204166713013e+01
5.741650369121830977e+01
6.611112204166711592e+01
6.620090734553946277e+01
6.621925648420767629e+01
6.621925648420767629e+01
