7.523167900420622800e+01
8.685480889721517883e+01
8.725935834262662638e+01
7.569173230259879404e+01
8.703167900420625358e+01
8.713935834262662183e+01
7.496931473973873494e+01
7.494087680441820964e+01
7.494791083107560326e+01
7.494791083107560326e+01
8.705788162462297919e+01
8.713935834262665026e+01
8.905669509194095212e+01
8.904322890233345333e+01
8.713935834262663604e+01
8.723788162462295759e+01
8.745289246928257398e+01
8.904322890233345333e+01
8.905669509194095212e+01
8.859289246928256034e+01
8.905669509194095212e+01
8.905669509194095212e+01
8.907289246928256432e+01
8.865289246928256262e+01
8.906669517527554092e+01
8.905669509194095212e+01
8.877289246928256716e+01
8.817289246928257285e+01
8.835289246928255125e+01
8.835289246928255125e+01
