-2.388367534712930951e+00
1.093272363752230358e+00
6.927041016516245264e+00
1.271736371438504243e+01
1.871886348960037338e+01
2.367145334260365885e+01
2.516236550948607942e+01
2.561576700923110295e+01
2.565904818368184337e+01
2.572060367511288703e+01
2.908958482573368087e+01
2.786066870174951760e+01
2.726760506142160523e+01
2.945560302932049268e+01
2.466533394430249260e+01
3.043883111140034003e+01
2.930173080686192577e+01
2.918983146915783422e+01
2.937293480614139440e+01
2.991322023805530961e+01
2.955567713377320160e+01
3.044659785740304869e+01
2.981901519833173708e+01
3.044652238534669308e+01
2.981655920560459805e+01
2.999831732535015405e+01
2.975807986607502542e+01
2.992701849218547139e+01
2.932820903979355620e+01
3.044652238534669308e+01
3.044652238534669308e+01
2.984626193545392070e+01
2.856130225910153086e+01
3.044608673917653618e+01
3.044652238534669308e+01
3.044652238534669308e+01
3.044652238534669308e+01
3.044652238534669308e+01
3.044652238534669308e+01
3.044652238534669308e+01
3.035289593423744137e+01
3.044652238534669308e+01
3.044652238534669308e+01
3.044652238534669308e+01
3.044652238534669308e+01
2.981125553425039598e+01
3.044652238534669308e+01
3.044442867295097699e+01
3.044652238534669308e+01
3.044652238534669308e+01
3.043952177093427025e+01
3.044652238534669308e+01
3.026652238534669337e+01
3.044652238534669308e+01
3.044652238534669308e+01
3.044652238534669308e+01
3.044652238534669308e+01
3.035652238534669323e+01
3.044652238534669308e+01
3.044652238534669308e+01
3.044652238534669308e+01
3.044652238534669308e+01
3.044652238534669308e+01
3.044652238534669308e+01
3.044652238534669308e+01
3.044652238534669308e+01
3.044652238534669308e+01
3.044652238534669308e+01
3.044652238534669308e+01
3.044652238534669308e+01
3.044652238534669308e+01
3.044652238534669308e+01
3.044652238534669308e+01
3.044652238534669308e+01
3.044652238534669308e+01
3.044652238534669308e+01
3.044652238534669308e+01
3.044652238534669308e+01
3.044652238534669308e+01
3.044652238534669308e+01
3.044652238534669308e+01
3.044652238534669308e+01
3.044652238534669308e+01
3.044652238534669308e+01
3.044652238534669308e+01
3.044652238534669308e+01
3.044652238534669308e+01
3.044652238534669308e+01
3.044652238534669308e+01
3.044652238534669308e+01
3.044652238534669308e+01
3.044652238534669308e+01
3.044652238534669308e+01
3.044652238534669308e+01
3.044652238534669308e+01
3.044652238534669308e+01
3.044652238534669308e+01
3.044652238534669308e+01
3.044652238534669308e+01
3.044652238534669308e+01
