-1.358148651573854782e+00
5.353662296728373349e+00
7.940642375896974414e+00
1.400340093310019896e+01
1.766884459765368831e+01
2.282373751805552686e+01
2.186369302172188256e+01
2.550337479784077033e+01
2.715459160567279895e+01
2.603551178758774753e+01
2.765665548288112774e+01
3.037701458922752096e+01
3.435283871747152062e+01
3.162426144179463350e+01
3.342486132872148374e+01
3.376975075000073190e+01
3.475513042601114932e+01
3.933084443629816462e+01
4.448959596572284880e+01
4.218649430537363543e+01
3.975725339121014912e+01
4.060795434083753008e+01
4.995109603631654949e+01
5.004182396780641540e+01
5.361779794709478608e+01
6.194004124661501010e+01
6.201912398541333715e+01
5.986005897359707717e+01
6.329861393443187723e+01
6.382462572090473429e+01
6.553966865979047896e+01
6.448095622900829937e+01
6.736042250687580690e+01
6.555327609203439465e+01
6.825942196102828063e+01
6.708404477676484134e+01
6.864187632652716786e+01
6.740779590612871175e+01
6.828596221537969768e+01
7.010955476750837079e+01
7.314219055866468011e+01
7.211836074866195645e+01
7.168339102925629902e+01
7.087719706196894265e+01
7.317206579882866890e+01
7.274897633367837102e+01
7.462111806192150709e+01
7.507600918178692950e+01
7.465198166267354907e+01
7.331612378907475147e+01
7.539397143949497604e+01
7.504216381126127544e+01
7.534424172077189041e+01
7.534723019301353020e+01
7.507434158416323555e+01
7.562895499224129026e+01
7.616009371189275612e+01
7.616551797706864591e+01
7.618194728848757791e+01
7.618639605483942034e+01
7.619418597325247333e+01
7.618562398989240592e+01
7.601459393253155383e+01
7.618888419335492301e+01
7.619365783294686878e+01
7.619720821010793088e+01
7.619393979558424235e+01
7.602222566870403853e+01
7.620125296402324011e+01
7.620043677085408262e+01
7.619222291901307642e+01
7.620055437456878167e+01
7.572683123278208939e+01
7.601359825836183859e+01
7.620038812620263968e+01
7.619805698590354837e+01
7.620288801209906637e+01
7.620479877651290224e+01
7.619709034067005859e+01
7.602581066267150334e+01
7.620598231019407365e+01
7.620075419514589044e+01
7.620497905670968919e+01
7.620468582974693561e+01
7.619930297193219815e+01
7.619894857515326692e+01
7.584658290481162624e+01
7.619226861511511117e+01
7.620534133878184946e+01
7.620504191521570192e+01
7.620393839566283134e+01
7.620585960926815972e+01
7.620567741986414489e+01
7.620583056221386187e+01
7.619270610267815869e+01
7.602743413814978624e+01
7.620293772891677975e+01
7.602182534111928192e+01
7.620447096226996564e+01
7.620383863813881931e+01
