3.062010264645954294e+01
3.076889138314540872e+01
3.920394224923462900e+01
4.009567413221262200e+00
3.054896154643429895e+01
3.049466846406763310e+01
1.299605369405453814e+01
3.964814186652392891e+01
7.516226955283406141e+01
7.516226955283406141e+01
7.516226955283406141e+01
7.516226955283406141e+01
7.516226955283406141e+01
4.827315225241279251e+01
2.172700044143625320e+01
5.722234767677733913e+01
3.921925648420767629e+01
4.834051778424038304e+01
2.165766574803518552e+01
3.060183729848224843e+01
4.844704041507837644e+01
4.845873645484157777e+01
5.730290651349459097e+01
4.845873645484157066e+01
5.731982739098292257e+01
5.731642023266131503e+01
5.703642065638155856e+01
5.704157530697021627e+01
5.721003982910274033e+01
5.721003982910274033e+01
