-1.779627493814349926e+00
7.776903367585417115e-01
7.133874520437920808e+00
1.257443898942042360e+01
1.753356765621126101e+01
2.163025723825098012e+01
2.682439539301149267e+01
2.865893667188866800e+01
2.485530843114075239e+01
2.945625008298559777e+01
3.102792123629154020e+01
3.311205136571626895e+01
3.214399452894458165e+01
3.805598895102134804e+01
3.890851961723898711e+01
4.128013761401415849e+01
4.490945717093904932e+01
4.689685454230637163e+01
5.198309903833047230e+01
4.902823937335619320e+01
5.528018128218052141e+01
5.341973774595505375e+01
5.784843540874512513e+01
6.059935243475735689e+01
6.160024357702192788e+01
6.429910739584317980e+01
6.575118518589023608e+01
6.557068855787468920e+01
6.539895998260776366e+01
6.736308075733792577e+01
6.554688050287575152e+01
6.734002449024904990e+01
7.136512886476091921e+01
6.941321297621941255e+01
7.011868623752545204e+01
7.218360834597383757e+01
7.431659182327631186e+01
7.399964848777298698e+01
7.500489961015465212e+01
7.448785092173886824e+01
7.869793157824274488e+01
7.717898825169532984e+01
7.682630404795898471e+01
7.708839862505534768e+01
7.986503659645903497e+01
8.022272655154891652e+01
7.942085861076266440e+01
7.969893637958912791e+01
7.943651889182048365e+01
7.925559148719281666e+01
7.826977338830080555e+01
7.970391737794662390e+01
7.809124238626456815e+01
7.961551980515379512e+01
7.971060155230199484e+01
7.944830107899971949e+01
7.899822806013602872e+01
7.935072597335602040e+01
7.953474754114182588e+01
7.917625324110103691e+01
7.935704161711345250e+01
7.999425383605479567e+01
7.989951477022273707e+01
8.034405585619261103e+01
7.972625196431472716e+01
7.972568222043081221e+01
8.045283657963071278e+01
8.027145585619260260e+01
7.936523464892827917e+01
7.999312017541620889e+01
8.009080326471686817e+01
8.018356430709492599e+01
8.036514635345471902e+01
8.018133537390053789e+01
8.000366917385476029e+01
8.063238704695272929e+01
8.063283657963070539e+01
7.919179070763799189e+01
8.027586454452286091e+01
8.054142587116264451e+01
8.000244339867283827e+01
8.072412680580670497e+01
8.045097633848466501e+01
8.036265594637329457e+01
8.008836535893050268e+01
8.036268584122257153e+01
8.008614338828809309e+01
8.062926656466066788e+01
8.054160659460075067e+01
8.054526656466066470e+01
8.063409682077673324e+01
8.072418704695273561e+01
8.036640009352878167e+01
8.054400632351463685e+01
8.063172680580670715e+01
8.045147961123672076e+01
8.044974608236860547e+01
8.045046033467481550e+01
8.036024962620676604e+01
8.000249888779860896e+01
