2.399106825111746666e+00
5.302441559961859951e+00
1.909063467476806508e+01
3.175833731604520338e+01
4.462020422855371038e+01
4.537050180207111794e+01
5.097121423610360580e+01
5.029914664916587697e+01
4.820280018785152265e+01
5.412968573640171854e+01
5.353627569155764121e+01
4.589660784936162941e+01
4.693416755903697890e+01
4.537538147944968614e+01
5.204279195020278337e+01
5.930855472829305342e+01
5.657298048198332907e+01
5.714433983919769133e+01
5.801319702494267716e+01
6.141675188541908881e+01
6.017889094848818132e+01
6.120585087788413858e+01
6.410647760152110664e+01
6.223932699311752259e+01
6.392168272695013087e+01
6.307309370876370735e+01
6.406614272812846878e+01
5.451705606760668843e+01
7.347773678286689858e+01
6.922373354553384672e+01
