4.540628219638407792e+00
9.275922343751282995e+00
2.313730105341435461e+01
2.935590128702691715e+01
3.505525653427648081e+01
3.919387563811251596e+01
4.625613953461199657e+01
5.640972275869444275e+01
5.845080091381048959e+01
5.662563445615634805e+01
5.357293739542186017e+01
5.721836541981009816e+01
4.718087215769411813e+01
5.925716211052836258e+01
6.053593892879239036e+01
5.299577019503578157e+01
6.099714169674383868e+01
6.604463723450851376e+01
6.313130284352300947e+01
5.809641009962736291e+01
6.730759883142088995e+01
6.814018099020015029e+01
6.760567872356268992e+01
7.306201997246860458e+01
6.015494600080956644e+01
6.949809131337849522e+01
6.678986511709386775e+01
6.883372403817291740e+01
7.089553026597258167e+01
7.629526331895674218e+01
