3.044652238534668953e+01
4.397391255308171765e+01
5.741197342583616603e+01
5.817177342016405817e+01
5.289997567305805148e+01
7.601087573815293297e+01
7.601087573815293297e+01
6.239958523286416181e+01
6.240397122590057677e+01
6.687404776789594507e+01
6.772237675911743793e+01
6.681612677297027858e+01
7.569723388812639087e+01
6.240404776789595331e+01
7.538513239647589614e+01
8.039387875018303475e+01
7.585938096872874326e+01
7.638299754395791297e+01
8.042237498965106113e+01
7.652970719635305841e+01
8.121693205921781100e+01
8.022146614919265062e+01
7.631752633466582836e+01
8.039841735925858757e+01
7.608917046186907385e+01
8.024087573815292274e+01
8.042538704695274987e+01
8.042087573815292956e+01
8.514857512784783466e+01
8.033237498965105772e+01
8.030237498965105658e+01
8.048841735925859098e+01
8.044938096872874667e+01
7.649752633466582097e+01
8.045087573815291648e+01
8.038938096872874439e+01
8.552151823101652894e+01
8.047938096872874780e+01
8.074535762792132232e+01
8.100920926807593503e+01
8.042237498965106113e+01
8.047938096872874780e+01
8.054465635097193399e+01
8.529857512784784035e+01
8.054237498965105146e+01
8.047938096872874780e+01
8.041938096872874553e+01
8.089938096872873530e+01
8.089938096872873530e+01
7.643752633466581869e+01
8.065938096872874041e+01
7.649752633466582097e+01
8.074938096872874382e+01
8.065938096872874041e+01
8.074938096872874382e+01
8.074938096872874382e+01
8.065938096872874041e+01
8.093087573815293467e+01
8.090087573815293354e+01
8.090087573815293354e+01
8.090087573815293354e+01
8.090087573815293354e+01
8.074938096872874382e+01
8.083938096872873302e+01
8.090087573815293354e+01
8.090087573815293354e+01
8.090087573815293354e+01
8.095938096872873757e+01
8.093087573815293467e+01
8.093087573815293467e+01
8.092938096872873643e+01
8.093087573815293467e+01
8.092938096872873643e+01
8.092938096872873643e+01
8.096087573815293581e+01
8.093087573815293467e+01
8.093087573815293467e+01
8.095938096872873757e+01
8.095938096872873757e+01
8.095938096872873757e+01
8.096087573815293581e+01
8.095938096872873757e+01
8.096087573815293581e+01
8.096087573815293581e+01
8.096087573815293581e+01
8.096237498965106738e+01
8.096087573815293581e+01
8.096087573815293581e+01
8.096087573815293581e+01
8.096087573815293581e+01
8.096087573815293581e+01
8.096087573815293581e+01
8.096087573815293581e+01
8.096087573815293581e+01
8.096087573815293581e+01
8.096087573815293581e+01
8.096087573815293581e+01
8.096087573815293581e+01
8.096087573815293581e+01
8.096087573815293581e+01
