9.509027246140512313e-01
1.574352671901079503e+01
2.610535393713469077e+01
4.235175388351700576e+01
4.889159952842592105e+01
4.889545254993280565e+01
5.434861682061380606e+01
5.686262950301087926e+01
5.921466823037041394e+01
6.039374358516364794e+01
6.237319375310688940e+01
6.994901479297892877e+01
7.369549605062179864e+01
7.093968054979363558e+01
7.373951619222789589e+01
6.874864733310685949e+01
7.798312372408683757e+01
8.087121046624780263e+01
7.680107075901211999e+01
8.018873749570173004e+01
7.864590582189913448e+01
8.173703181123296702e+01
8.096908326025919678e+01
8.160445548336564059e+01
7.823367765958259668e+01
8.092572169217365285e+01
8.283336372298202832e+01
8.390029799588808146e+01
8.479374412964642715e+01
8.523339153799830115e+01
