3.504059864606752672e+00
1.208475319042489815e+01
2.104489058515935085e+01
2.624967600797712208e+01
3.838718042902613092e+01
4.506849210670083039e+01
5.400837252039509906e+01
5.639514553245393813e+01
5.441734806100757993e+01
6.163704195480460868e+01
5.987065348793562691e+01
5.904485125076585916e+01
5.646611784949569568e+01
6.192731150526865491e+01
5.854772951231819178e+01
6.039525147176832576e+01
5.358174881518588251e+01
6.448163073448415616e+01
6.427384415248548066e+01
4.878735614324938297e+01
5.879686272930857172e+01
6.608905386401337978e+01
6.381703369046979901e+01
6.685011289603694706e+01
6.137010384882430003e+01
6.663277063195683070e+01
6.044988179934712491e+01
6.547057698764977829e+01
6.110856591385395120e+01
6.184752324935035261e+01
