6.605720062487330324e+01
6.623480889721516007e+01
8.883679627126204537e+01
8.883679627126204537e+01
8.613289246928255238e+01
8.713935834262663604e+01
8.713935834262663604e+01
8.713935834262663604e+01
8.709289246928256034e+01
8.699788162462294849e+01
8.713935834262663604e+01
8.713935834262663604e+01
8.713935834262665026e+01
8.713935834262663604e+01
6.654896154643429895e+01
8.713935834262663604e+01
8.601289246928256205e+01
8.713935834262665026e+01
8.713935834262662183e+01
8.713935834262665026e+01
8.713935834262663604e+01
8.713935834262662183e+01
8.713935834262665026e+01
8.713935834262665026e+01
8.713935834262665026e+01
8.713935834262665026e+01
8.713935834262663604e+01
8.713935834262665026e+01
8.713935834262665026e+01
8.713935834262663604e+01
