6.628626719449061966e+01
2.190624979919323323e+01
3.070669517527550951e+01
3.048254710353529262e+01
3.910559716573514777e+01
2.190624979919323323e+01
4.009567413221262200e+00
2.125060701409175579e+01
1.234051778424037593e+01
1.249466846406763665e+01
2.168188000615577948e+01
2.168188000615577948e+01
2.171173296930546215e+01
3.063402398497814616e+01
8.561165549623893867e+01
3.966246192029867501e+01
5.775825298494035565e+01
6.655758228947820498e+01
6.657504998251860684e+01
8.459165549623892844e+01
6.645092391510478080e+01
6.659732261812771981e+01
7.538322890233342832e+01
8.472322890233344594e+01
8.624772932632855316e+01
7.559732261812771981e+01
7.543931836898447330e+01
5.757946500072770846e+01
6.647853908213775753e+01
8.541289246928255352e+01
