-1.248625176974710538e+00
4.286618121062487852e+00
3.604380953898970397e+00
9.880396047036562379e+00
1.558771596411392757e+01
1.701584315061800012e+01
2.033121464728273864e+01
2.718992013736490776e+01
2.919497704516690817e+01
2.909511563186255856e+01
3.041926512224086210e+01
3.577916586541973487e+01
4.776651278135682333e+01
5.120256871637811713e+01
4.815198359925662430e+01
5.233326305730495420e+01
4.708666446498089186e+01
5.313982722794804658e+01
5.425116640559576098e+01
5.290243752938515343e+01
6.348634984560216310e+01
5.365674628373566435e+01
5.745461255201161066e+01
5.909046829013313840e+01
6.081185142234922836e+01
5.856116422185566961e+01
5.959245083352490013e+01
6.458147885062859928e+01
6.161014322957070277e+01
6.192596631157950782e+01
6.362245984134845145e+01
6.455306994493365380e+01
6.705704247218038461e+01
6.629112414974332523e+01
6.820435532638330756e+01
6.580695587217500986e+01
6.992340188357837860e+01
6.818892019018655049e+01
7.028636536323514861e+01
7.076523537814735221e+01
7.210248320639729513e+01
7.246518000665447801e+01
7.209020019830015258e+01
7.118869715100291273e+01
7.367035344504432715e+01
7.073951197532898050e+01
7.372532649292466544e+01
7.391857511573384443e+01
7.268536549006329039e+01
7.415729947975282244e+01
6.793066511194081158e+01
7.275250072884563224e+01
7.360525902384775065e+01
7.136456486568194180e+01
7.036007337201965584e+01
7.695378672132095232e+01
7.419162264227537662e+01
7.468619197177486058e+01
7.691540793846637314e+01
7.391229331411798853e+01
7.244172163418514288e+01
7.567428796971952920e+01
7.434028005121929539e+01
7.666098221706779725e+01
7.529318931044724650e+01
7.382234499862447308e+01
7.577774093724599425e+01
7.688681465825999339e+01
7.615849975429847518e+01
7.554395782712828122e+01
7.612455450161094461e+01
7.667402659088958217e+01
7.893447251693261535e+01
7.756186649377796982e+01
8.404560664593950037e+01
8.265052438375590782e+01
8.416538562112872057e+01
8.599406729374830149e+01
8.587050407839251420e+01
8.670532871480521919e+01
8.605767357910376347e+01
8.769894923164311251e+01
8.803061547800854214e+01
8.801532960260290395e+01
8.870113576821646006e+01
8.856527458959142507e+01
8.857704415144918642e+01
8.866243794116508070e+01
8.795670291037801292e+01
8.772610642046637963e+01
8.879156491068471269e+01
8.810839676766157424e+01
8.793433697369866309e+01
8.802635832919072811e+01
8.851240746633995116e+01
8.853943774601198413e+01
8.835398364732242271e+01
8.775213505827488802e+01
8.877161833773843114e+01
8.851777096594156546e+01
