3.494652238534668953e+01
6.277286034891122313e+01
4.855281692929957416e+01
5.454155626863916950e+01
4.953832333196712057e+01
3.983092700785842766e+01
3.480346986844524082e+01
4.544880566378348874e+01
5.874112722057744662e+01
3.501806068580798126e+01
4.990331977468063229e+01
3.044652238534668953e+01
3.953941955065054970e+01
3.931690637757078832e+01
3.044652238534668953e+01
3.044652238534668953e+01
3.044652238534668953e+01
3.044652238534668953e+01
3.492599164194780315e+01
3.044652238534668953e+01
3.044652238534668953e+01
3.045029598816438465e+01
3.044652238534668953e+01
3.044652238534668953e+01
3.044652238534668953e+01
3.044652238534668953e+01
3.044652238534668953e+01
3.044652238534668953e+01
3.044652238534668953e+01
3.044652238534668953e+01
3.044652238534668953e+01
3.044652238534668953e+01
3.044652238534668953e+01
3.044652238534668953e+01
3.044652238534668953e+01
3.044652238534668953e+01
3.044652238534668953e+01
3.044652238534668953e+01
3.044652238534668953e+01
3.044652238534668953e+01
3.044652238534668953e+01
3.044652238534668953e+01
3.044652238534668953e+01
3.044652238534668953e+01
3.044652238534668953e+01
3.044652238534668953e+01
3.044652238534668953e+01
3.044652238534668953e+01
3.044652238534668953e+01
3.044652238534668953e+01
3.044652238534668953e+01
3.044652238534668953e+01
3.044652238534668953e+01
3.044652238534668953e+01
3.044652238534668953e+01
3.044652238534668953e+01
3.044652238534668953e+01
3.044652238534668953e+01
3.044652238534668953e+01
3.044652238534668953e+01
3.044652238534668953e+01
3.044652238534668953e+01
3.044652238534668953e+01
3.044652238534668953e+01
3.044652238534668953e+01
3.044652238534668953e+01
3.044652238534668953e+01
3.044652238534668953e+01
3.044652238534668953e+01
3.044652238534668953e+01
3.044652238534668953e+01
3.044652238534668953e+01
3.044652238534668953e+01
3.044652238534668953e+01
3.044652238534668953e+01
3.044652238534668953e+01
3.044652238534668953e+01
3.044652238534668953e+01
3.044652238534668953e+01
3.044652238534668953e+01
3.044652238534668953e+01
3.044652238534668953e+01
3.044652238534668953e+01
3.044652238534668953e+01
3.044652238534668953e+01
3.044652238534668953e+01
3.044652238534668953e+01
3.044652238534668953e+01
3.044652238534668953e+01
3.044652238534668953e+01
3.044652238534668953e+01
3.044652238534668953e+01
3.044652238534668953e+01
3.044652238534668953e+01
3.044652238534668953e+01
3.044652238534668953e+01
3.044652238534668953e+01
3.044652238534668953e+01
3.044652238534668953e+01
3.044652238534668953e+01
