6.601103858311013539e+01
7.558835394814494180e+01
8.713935834262663604e+01
6.605720062487330324e+01
7.501354799471556589e+01
8.571289246928255068e+01
8.571289246928255068e+01
8.571289246928255068e+01
8.565289246928256262e+01
6.626665872310225325e+01
6.601103858311014960e+01
6.601103858311013539e+01
6.622234767677734624e+01
6.601103858311013539e+01
6.601103858311013539e+01
6.603129244001462439e+01
6.603642065638155145e+01
7.501354799471556589e+01
7.501354799471556589e+01
6.602619038813074326e+01
6.605720062487330324e+01
6.601103858311013539e+01
6.601103858311013539e+01
6.601103858311013539e+01
6.605720062487330324e+01
6.615067522005314515e+01
6.603385326087631313e+01
6.615067522005314515e+01
6.601103858311013539e+01
6.605720062487330324e+01
