-3.478627120186983834e+00
1.078318641335245021e+00
1.246389079451370741e+01
1.826679468933894768e+01
3.610950640063014561e+01
3.516834104376459180e+01
4.776610360243126507e+01
4.661257640337579033e+01
5.050178749964366887e+01
4.869924395338904333e+01
5.410308885609113361e+01
4.924514698041097915e+01
5.659823490559613646e+01
6.437472152754563126e+01
6.044218456183762811e+01
5.874377261975219966e+01
6.565521678738460309e+01
6.172559357426851534e+01
6.601508702577910981e+01
6.333593746757767917e+01
6.493222559430530794e+01
6.600946245748440333e+01
6.600962155514703511e+01
5.668904230122998911e+01
6.371281096362322671e+01
5.266818428250277861e+01
5.108568821505956237e+01
5.393405787091913339e+01
5.925143492770068576e+01
5.772978617832838921e+01
