2.540330540741400966e+00
8.204149247422936497e+00
1.695631314016510771e+01
2.917036294498253923e+01
3.967854470542349077e+01
4.358860618037375190e+01
4.529205733967380354e+01
4.853407071792905469e+01
5.484041977782918309e+01
6.031755253493354019e+01
6.153200138519820683e+01
6.106903648905031190e+01
5.788532103692971020e+01
6.189474173512240895e+01
6.245174059980635661e+01
6.227148577704758026e+01
6.242312970443559550e+01
6.083693380232475079e+01
6.583986864636092662e+01
6.440143682812673376e+01
6.351015145589589395e+01
6.601011083316917905e+01
6.582996468202094320e+01
6.405927771088137490e+01
6.601820419787631522e+01
6.458238648732479703e+01
6.475862764189935206e+01
6.476384388687573335e+01
6.601872663104740013e+01
6.601049751167725788e+01
