4.009567413221262200e+00
1.267212383121041341e+01
1.283521402607648554e+01
3.070669517527550241e+01
2.116518926293739611e+01
3.929621752534379198e+01
3.929621752534379198e+01
3.929621752534379198e+01
3.071173296930546925e+01
2.140157804100162764e+01
2.159732261812771981e+01
3.950143992750463795e+00
2.153193985886485962e+01
3.818216449707914961e+00
-5.117993812416756327e+00
-5.117993812416756327e+00
-5.117993812416756327e+00
-5.117993812416756327e+00
3.876036020596743015e+00
2.150693855665945264e+01
-5.117993812416756327e+00
-5.117993812416756327e+00
-5.117993812416756327e+00
-5.117993812416756327e+00
-5.117993812416756327e+00
-5.117993812416756327e+00
-5.117993812416756327e+00
-5.117993812416756327e+00
-5.117993812416756327e+00
-5.117993812416756327e+00
