2.190624979919323323e+01
5.732667673282850274e+01
8.561060701409178364e+01
3.052353644806849431e+01
4.836521039683074719e+01
4.909472522156156060e+01
4.826665872310225325e+01
2.191859563501553509e+01
2.159282822853988648e+01
2.179599331292320130e+01
4.009567413221262200e+00
3.053193985886487027e+01
3.041275134159975480e+01
3.061092827018349638e+01
2.169669509194092427e+01
4.009567413221263976e+00
1.241650369121830266e+01
2.135455310235676052e+01
1.275825298494035565e+01
4.009567413221262200e+00
-5.117993812416756327e+00
-5.117993812416756327e+00
3.540414485855833959e+00
4.009567413221262200e+00
3.482547103535296174e+00
-5.117993812416756327e+00
-5.030437921392433509e+00
4.009567413221262200e+00
-5.117993812416756327e+00
-5.117993812416756327e+00
