-3.400074109401439060e+00
-2.017790224727944448e+00
-2.176383292552025173e-01
-1.924402102602795983e+00
-1.640811269086314583e+00
-1.850524520639668768e+00
-2.118711766641055760e+00
-3.205187904650848463e+00
-3.706790846156974517e+00
-4.250271975261950885e+00
-4.052763416917152028e+00
-4.229090208122133987e+00
-4.452122105995468537e+00
-4.453460960084554721e+00
-3.357762526391249835e+00
-4.065183394593675281e+00
-3.869339053860201272e+00
-4.970327379785186572e+00
-3.003951599454758092e+00
-4.958386925218276176e+00
-4.965717686086014382e+00
-4.797911645433502237e+00
-5.131555091183728656e+00
-3.533141734805458345e+00
-8.782861716406533681e-01
-3.415600257592066313e+00
5.386222182806870151e-01
1.001428771882264535e+00
4.673422760776443141e+00
4.479030345033669036e+00
