-1.110221639691776785e+00
3.818369280838946889e-01
5.940208847091433597e+00
7.945605675534057610e+00
1.492593863715619129e+01
1.981095249598730490e+01
2.416321754841093394e+01
2.661173178174680132e+01
2.248356960122364967e+01
2.732849000405649420e+01
2.585546846156570311e+01
2.922154312619378658e+01
2.724687069928975802e+01
2.634447322687702453e+01
2.510002746289088904e+01
3.237396617637583773e+01
2.998103724752799337e+01
3.247036780859122729e+01
4.084588095195670832e+01
4.000982465556332102e+01
3.955767961477154415e+01
4.349316120176042944e+01
4.591531324723550966e+01
4.977711388740625864e+01
4.907617859598238397e+01
5.284533142364800540e+01
5.292913408260249497e+01
5.075148407027950981e+01
5.557105030680599356e+01
5.612097038561721263e+01
5.843513774385794335e+01
5.716631839479938293e+01
6.160144213415047432e+01
5.946133209454763602e+01
5.782794896647849470e+01
6.113273868866559724e+01
5.975524969619178250e+01
6.072976844903552518e+01
6.545502254745741766e+01
6.065680330871324344e+01
6.200019605275598877e+01
6.648677559049897923e+01
6.787511603614437661e+01
6.982973909227528964e+01
6.634111948407922910e+01
6.892952362802986954e+01
6.548717465666771886e+01
6.578564887422193408e+01
6.658035589243155528e+01
7.140011957905748829e+01
6.775532437099542449e+01
7.082793787289170950e+01
7.196442505067020079e+01
7.199172606907394822e+01
7.687101626493441131e+01
7.274836074883158687e+01
7.297569600360418463e+01
8.080841547167716499e+01
8.224754306458635256e+01
8.203549889320876787e+01
8.383246357727260545e+01
8.475776104646097053e+01
8.404353382128790884e+01
8.483594555924142355e+01
8.549651809267236047e+01
8.402356886354859000e+01
8.528959424280779444e+01
8.567656056812822385e+01
8.522197565830451538e+01
8.618966374420460852e+01
8.611819614993761718e+01
8.540456220366930040e+01
8.569353923089812497e+01
8.623311158486079364e+01
8.612218950064716694e+01
8.380149677935087027e+01
8.630458333429898232e+01
8.612356052600257783e+01
8.486211524439464426e+01
8.570279682640392593e+01
8.587343864371540292e+01
8.530608812350259029e+01
8.517988822696703721e+01
8.639587259364678573e+01
8.571622810986946206e+01
8.662136627308817083e+01
8.630515492566308922e+01
8.639614687575543428e+01
8.680396981320113525e+01
8.572631885469490953e+01
8.662342173426695524e+01
8.631742675241530094e+01
8.544060459042691491e+01
8.651048629732747486e+01
8.541659491933560844e+01
8.628230075928426857e+01
8.594277247406841980e+01
8.643050716277271306e+01
8.609890136914462744e+01
8.652081833136772104e+01
