6.688801221164345634e+01
6.601103858311013539e+01
6.603385326087631313e+01
7.501354799471556589e+01
7.499611293289346747e+01
7.520698639161585675e+01
8.499289246928256603e+01
8.553616819497443657e+01
8.702835394814498216e+01
8.705788162462297919e+01
8.547289246928255579e+01
8.705788162462296498e+01
7.521310261863328606e+01
8.685289246928255125e+01
8.685289246928255125e+01
8.493289246928256375e+01
8.475289246928255693e+01
8.517289246928255864e+01
8.529289246928256318e+01
8.529289246928256318e+01
8.517289246928255864e+01
8.523289246928256091e+01
8.625289246928255693e+01
8.434621389609810649e+01
8.523289246928256091e+01
8.559289246928256034e+01
8.434621389609810649e+01
8.434621389609810649e+01
8.434621389609809228e+01
8.434621389609810649e+01
