3.486081649457963749e+01
4.837199732291576026e+01
4.101068226510494696e+01
4.101068226510493275e+01
4.382754545035933802e+01
4.910854701611614814e+01
5.277746260096897402e+01
4.375511017226853738e+01
5.722529416322968387e+01
4.988612096091130610e+01
3.480922983055221920e+01
5.274373730752556355e+01
5.336418603097993696e+01
6.236649755787104965e+01
6.308419870324673440e+01
6.774171033704880074e+01
6.329709044907352222e+01
7.228360215522442900e+01
6.775947873845473168e+01
7.663789065465968520e+01
7.660050499599952900e+01
7.668240339854111198e+01
7.212924481750886230e+01
7.665227380278200542e+01
7.219657757604323933e+01
7.676818764139758855e+01
7.665815622357180814e+01
7.664087573815292842e+01
7.665815622357179393e+01
7.660339421891620759e+01
7.667317236712123929e+01
7.663228573674439303e+01
7.662917046186908010e+01
7.662524019214689019e+01
7.666112359133171594e+01
7.666410867482497338e+01
8.654496599457331740e+01
8.672496599457332422e+01
8.669496599457332309e+01
8.680819893124534303e+01
8.680443748154760897e+01
8.681496599457331342e+01
8.681496599457331342e+01
8.687496599457331570e+01
8.672496599457332422e+01
8.746849351860780075e+01
8.672496599457332422e+01
8.680978460105554007e+01
8.677806933350714758e+01
8.684496599457331456e+01
8.687496599457331570e+01
8.681496599457332763e+01
8.678496599457331229e+01
8.687496599457331570e+01
8.681496599457331342e+01
8.678496599457332650e+01
8.684496599457331456e+01
8.681496599457331342e+01
8.682746057224350977e+01
8.687496599457331570e+01
8.682746057224350977e+01
8.682746057224350977e+01
8.682746057224350977e+01
8.682746057224350977e+01
8.682746057224350977e+01
8.682746057224350977e+01
8.682746057224350977e+01
8.682746057224350977e+01
8.682746057224350977e+01
8.682746057224350977e+01
8.682746057224350977e+01
8.682746057224350977e+01
8.682746057224350977e+01
8.682746057224350977e+01
8.682746057224350977e+01
8.682746057224350977e+01
8.682746057224350977e+01
8.682746057224350977e+01
8.682746057224350977e+01
8.682746057224350977e+01
8.682746057224350977e+01
8.682746057224350977e+01
8.682746057224350977e+01
8.682746057224350977e+01
8.682746057224350977e+01
8.682746057224350977e+01
8.682746057224350977e+01
8.682746057224350977e+01
8.682746057224350977e+01
8.682746057224350977e+01
8.682746057224350977e+01
8.682746057224350977e+01
8.682746057224350977e+01
8.682746057224350977e+01
8.682746057224350977e+01
8.682746057224350977e+01
8.682746057224350977e+01
8.682746057224350977e+01
8.682746057224350977e+01
8.682746057224350977e+01
