-4.527806047663576194e+00
5.990859821986850298e-01
2.830363174427475217e-02
2.989623234155014853e+00
1.244356270141001586e+00
7.285722253701067963e-01
-1.156517135412890723e-01
5.863627969685913044e+00
6.537074727380340455e+00
3.841730159379958209e+00
4.569197914411182282e+00
3.315888536405860343e+00
1.941539380601114972e+00
6.073242312828710077e+00
8.466457225128142028e+00
8.906960068124051944e+00
1.047669702219202748e+01
1.154247025873839760e+01
2.164021269689474991e+01
2.074621883063490557e+01
1.880531251949117788e+01
2.058667614616631525e+01
2.718763496569320637e+01
2.812838115097441971e+01
2.916004843940669033e+01
3.038197828580487680e+01
3.474424676140369428e+01
3.899358121740664274e+01
3.739784872651537029e+01
4.027546538018141575e+01
