-4.019369263505188528e+00
8.929210008231595053e-01
-1.199446808156648947e+00
-6.646900242605912057e-01
1.515262060915548048e+00
1.851759500556600768e+00
4.777927520753696200e+00
8.225498696348383376e+00
1.197962771575826579e+01
1.518441259410418276e+01
1.800289575029910694e+01
2.677517317503183136e+01
2.910357769557262131e+01
3.288720063855547693e+01
2.948886812104490218e+01
3.072402664190211041e+01
3.715243680806136695e+01
3.820273008189823827e+01
3.180315788964628965e+01
4.124986008948433636e+01
3.925521936520046751e+01
3.660505386882150702e+01
4.210246357852558674e+01
3.749115181663239582e+01
3.409920670316050462e+01
3.875162289720069708e+01
3.893777408375191129e+01
4.461722870910156757e+01
4.389889230600542902e+01
4.711329079420590205e+01
