5.569316790857320454e-01
1.259601515583989162e+01
2.450728445029673352e+01
1.991896398247751421e+01
4.282027882571378541e+01
4.363130417288123652e+01
6.058958632384565135e+01
5.079620290423743256e+01
6.072993046681209250e+01
5.742206942953625060e+01
5.414267978373867862e+01
5.712874024398136186e+01
6.080979666014761165e+01
6.463635829442155512e+01
6.131878445615068074e+01
6.258771126577235577e+01
6.458065766313880829e+01
6.619104397258841743e+01
6.619036026423611929e+01
6.476979345980970493e+01
6.314048751579772301e+01
6.565044594715800486e+01
6.601044594715800429e+01
6.601103858311013539e+01
6.601196182394539846e+01
6.601393282868043855e+01
6.601169638970523579e+01
6.601423586478085781e+01
6.601098852050577648e+01
6.601288506478066154e+01
