4.107578958510420364e+01
4.001806068580799547e+01
4.201988887354875146e+01
6.193550318137664590e+01
4.977021436407912347e+01
4.987480696361087951e+01
4.519572142478261867e+01
5.430345822713035631e+01
5.861280547547574571e+01
5.409559463069884799e+01
6.768877321909693023e+01
6.725988339259967574e+01
7.636057883006481006e+01
8.139518306433922135e+01
7.663501466155274500e+01
8.173768766603760128e+01
7.682063951685171332e+01
8.150687292486139768e+01
8.725443748154761181e+01
8.638806068580800002e+01
8.143121230843175340e+01
8.639612403893889336e+01
8.586616819497442066e+01
8.676746057224350750e+01
8.617538567993705101e+01
8.642286379622261450e+01
8.715935764925487206e+01
8.644802856543667247e+01
8.127021436407912347e+01
8.814771978640894190e+01
8.130342158552863907e+01
8.668702490979868003e+01
8.730221129250884360e+01
8.591021436407913825e+01
8.671232111954213906e+01
8.766771978640895213e+01
8.723021436407913143e+01
8.588021436407915132e+01
8.724453033212847686e+01
8.898231271929402908e+01
8.609512956794060301e+01
8.713535492658144221e+01
8.741453033212846435e+01
8.664771978640894190e+01
8.697286034891124018e+01
8.697286034891124018e+01
8.730241616407371907e+01
8.697648223311821880e+01
8.818638938253737081e+01
8.836538704695277602e+01
8.734511659775647274e+01
8.785227398276074950e+01
8.809538704695275158e+01
8.706289110226686034e+01
8.809535492658142175e+01
8.800535492658143255e+01
8.787768766603761605e+01
8.788535492658144221e+01
8.852008683800860922e+01
8.809535492658145017e+01
8.732341805018239711e+01
8.788535492658144221e+01
8.727648223311823017e+01
8.848538704695275214e+01
8.718771978640893394e+01
8.727241616407371794e+01
8.778238404370240744e+01
8.771021436407913541e+01
8.845538704695276522e+01
8.760484300325660456e+01
8.815535492658143824e+01
8.851480729696422145e+01
8.851480729696422145e+01
8.835286034891123563e+01
8.847241616407373499e+01
8.898289246928256091e+01
8.901289246928256205e+01
8.907289246928256432e+01
8.940484437027230058e+01
8.943484437027230172e+01
8.931484437027229717e+01
8.934484437027229831e+01
8.934484437027229831e+01
8.934484437027229831e+01
8.940484437027230058e+01
8.940484437027230058e+01
8.940484437027230058e+01
8.940484437027230058e+01
8.940484437027230058e+01
8.940484437027230058e+01
8.940484437027230058e+01
8.940484437027230058e+01
8.940484437027230058e+01
8.940484437027230058e+01
8.940484437027230058e+01
8.940484437027230058e+01
8.940484437027230058e+01
8.940484437027230058e+01
8.940484437027230058e+01
8.940484437027230058e+01
