-3.758912335822016004e+00
-3.795007976458616428e-01
4.378984754436568316e+00
1.090417204751522373e+00
5.450140613167558712e+00
6.959429401908906465e-01
-6.047120959861686934e-02
-2.337986703781941955e+00
-3.947057896735135962e+00
-3.958220544597911505e+00
-4.807535088517055577e+00
-3.907959398138361351e+00
-3.071168467802448898e+00
-3.714182175456785640e+00
-4.247090251183273324e+00
-4.405212211790378696e+00
-4.602514818378740102e+00
-3.863672462616489334e+00
-4.773772602425228939e+00
-4.935442587903995815e+00
-5.124892295372702300e+00
-5.117993812416756327e+00
-4.944825646451303847e+00
-4.584721097058316985e+00
-4.945982994097715135e+00
-5.121196229353031093e+00
-5.126145380475695568e+00
-4.756427161053984776e+00
-5.120991099349687659e+00
-5.117993812416756327e+00
