-2.856644727000964501e+00
-3.933489128566264981e+00
-3.757880397268864581e-01
2.490462778310156278e+00
1.397900453168724688e+00
1.371829007259507627e+00
1.301158319982467226e+00
-4.950000899616091576e-01
-1.513066212945745947e+00
3.551422668694497187e+00
5.546839386188901599e+00
1.474680012827762066e-01
4.734875735068237446e-01
-3.541874578086302017e-01
-3.211583435761584671e+00
-3.374149533840926640e+00
-3.181418517506559684e+00
-2.815637245864514693e+00
-4.580356320225838829e+00
-4.948183149163179806e+00
-4.585523714910171300e+00
-4.074302767646234003e+00
-2.132423742656372578e+00
3.075217223690310142e+00
1.035634848835771926e+01
9.709386629335773122e+00
1.376874344496945035e+01
1.540565906611629110e+01
1.900486856882669429e+01
2.682055837212663363e+01
