3.034795422958194067e+01
3.034795422958194067e+01
4.487201923477365995e+01
4.858970102580301642e+01
5.409630545183875938e+01
7.603395915646457581e+01
7.603395915646457581e+01
7.594785853428834344e+01
5.830963246146509960e+01
6.178382786049502329e+01
6.629819922507226693e+01
6.267190819219366915e+01
6.678538682420142436e+01
6.678538682420142436e+01
6.750815309730526792e+01
8.054387875018304044e+01
6.627718442494057172e+01
7.146453364347641468e+01
7.617139634315449825e+01
7.604689990741101724e+01
8.050938096872874894e+01
7.606938096872875121e+01
8.051841735925859211e+01
8.049299754395792661e+01
8.044938096872874667e+01
8.045237498965104805e+01
8.045087573815291648e+01
8.048387875018303816e+01
8.048387875018303816e+01
8.066237498965105601e+01
8.066237498965105601e+01
8.066237498965105601e+01
8.069237498965105715e+01
8.066538704695274475e+01
8.066538704695274475e+01
8.069237498965105715e+01
8.072538704695274703e+01
8.072237498965105829e+01
8.072237498965105829e+01
8.072237498965105829e+01
8.072237498965105829e+01
8.072538704695274703e+01
8.072538704695274703e+01
8.072538704695274703e+01
8.072538704695274703e+01
8.072538704695274703e+01
8.072538704695274703e+01
8.072538704695274703e+01
8.072538704695274703e+01
8.072538704695274703e+01
8.072538704695274703e+01
8.072538704695274703e+01
8.072538704695274703e+01
8.072538704695274703e+01
8.072538704695274703e+01
8.072538704695274703e+01
8.072538704695274703e+01
8.072538704695274703e+01
8.072538704695274703e+01
8.072538704695274703e+01
8.072538704695274703e+01
8.072538704695274703e+01
8.072538704695274703e+01
8.072538704695274703e+01
8.072538704695274703e+01
8.072538704695274703e+01
8.072538704695274703e+01
8.072538704695274703e+01
8.072538704695274703e+01
8.072538704695274703e+01
8.072538704695274703e+01
8.072538704695274703e+01
8.072538704695274703e+01
8.072538704695274703e+01
8.072538704695274703e+01
8.072538704695274703e+01
8.072538704695274703e+01
8.072538704695274703e+01
8.072538704695274703e+01
8.072538704695274703e+01
8.072538704695274703e+01
8.072538704695274703e+01
8.072538704695274703e+01
8.072538704695274703e+01
8.072538704695274703e+01
8.072538704695274703e+01
8.072538704695274703e+01
8.072538704695274703e+01
8.072538704695274703e+01
8.072538704695274703e+01
8.072538704695274703e+01
8.072538704695274703e+01
8.072538704695274703e+01
8.072538704695274703e+01
8.072538704695274703e+01
8.072538704695274703e+01
8.072538704695274703e+01
8.072538704695274703e+01
8.072538704695274703e+01
8.072538704695274703e+01
