1.545448879221039240e+00
7.845102763865941853e+00
1.696865076272473161e+01
3.465848930161497066e+01
3.903071677159091735e+01
4.929424128353143431e+01
5.662579458471297755e+01
5.389140619920737407e+01
5.891049716601990127e+01
6.353279609154434127e+01
6.416934940025616640e+01
5.823422080793096001e+01
6.074119119103724529e+01
5.784123885180871838e+01
6.451564675474968169e+01
5.956906325828944659e+01
6.536160153141707951e+01
6.216369447192314368e+01
5.944780778045702618e+01
6.482765311164902755e+01
6.267169818820558902e+01
5.967762424126762255e+01
6.555221007549904755e+01
6.659408503342429242e+01
6.505633039691664976e+01
5.999348219815741601e+01
5.383075194304186084e+01
5.791536325631279425e+01
5.705679820562915694e+01
5.910971885465765041e+01
