1.257946500072771556e+01
6.602873816020954223e+01
8.713935834262663604e+01
8.692109822612273717e+01
7.527641489804761932e+01
8.481289246928255920e+01
8.691289246928255352e+01
8.409389190989625718e+01
6.618288884003679584e+01
8.434621389609807807e+01
8.499289246928255182e+01
6.653193985886485962e+01
6.629955642660931403e+01
8.709167900420625585e+01
8.713935834262665026e+01
8.713935834262663604e+01
6.604416263053516900e+01
6.605720062487330324e+01
6.620090734553947698e+01
7.500354791138097710e+01
6.602873816020954223e+01
6.602873816020954223e+01
6.605457939139341761e+01
8.713935834262663604e+01
8.713935834262665026e+01
8.713935834262665026e+01
7.547853908213775753e+01
8.643289246928256375e+01
8.713935834262665026e+01
8.713935834262665026e+01
