8.431003982910277728e+01
8.601282822853991661e+01
8.757289246928256432e+01
7.545873645484155645e+01
8.649616819497441611e+01
8.713935834262665026e+01
8.487289246928256148e+01
7.505196501081935878e+01
7.500853545289203339e+01
8.667289246928255864e+01
6.614492807779757300e+01
8.691289246928255352e+01
8.625289246928255693e+01
6.602364909070206522e+01
8.493289246928256375e+01
6.650693855665944909e+01
6.602364909070206522e+01
6.646266573298146341e+01
6.647454706086821830e+01
6.601103858311013539e+01
6.601103858311013539e+01
6.601606371931281103e+01
6.603129244001463860e+01
8.511289246928255636e+01
6.622855887686998244e+01
6.601103858311013539e+01
6.601354799471556589e+01
6.618288884003679584e+01
6.651520306650934344e+01
6.601606371931281103e+01
