8.581140997390339464e+01
9.049968822339261010e+01
8.904322890233345333e+01
6.654896154643429895e+01
8.713935834262662183e+01
8.619289246928255466e+01
6.679599331292320130e+01
8.681788162462295588e+01
8.691289246928255352e+01
8.691289246928255352e+01
8.691289246928255352e+01
8.813758228947821749e+01
8.703289246928255807e+01
8.734226421822037878e+01
6.606246379491757637e+01
8.625289246928255693e+01
8.713935834262663604e+01
8.713935834262662183e+01
8.565289246928256262e+01
8.643289246928256375e+01
8.691289246928255352e+01
8.713935834262663604e+01
8.713935834262663604e+01
8.713935834262662183e+01
8.713935834262665026e+01
8.713935834262665026e+01
8.713935834262665026e+01
8.713935834262665026e+01
8.713935834262663604e+01
8.713935834262665026e+01
