2.193740496697303399e+01
2.161550493721091470e+01
2.190624979919324034e+01
2.209472522156157126e+01
2.190624979919323323e+01
3.062936197187234200e+01
3.053616819497439039e+01
2.159282822853987227e+01
2.167699002086159510e+01
3.840944700785470900e+00
3.069173230259879404e+01
1.276355803717004278e+01
1.296304739758636515e+01
3.046266573298146341e+01
4.857946500072770846e+01
1.262936197187233844e+01
1.331786877287578363e+01
4.299519634207584318e+00
3.962010264645954294e+01
3.540414485855848170e+00
3.579465000727715562e+00
3.763558037170049886e+00
-5.117993812416756327e+00
2.162472159231583646e+01
4.882385026742616674e+01
2.170669517527549885e+01
3.975297592783951472e+01
6.646266573298146341e+01
5.762472159231584357e+01
3.974772657195337899e+01
