7.502364909070206522e+01
6.605720062487330324e+01
7.501354799471556589e+01
8.529282822853990353e+01
8.535616819497441554e+01
8.499616819497441611e+01
7.528297229859377637e+01
8.859289246928256034e+01
8.656254710353532289e+01
8.713935834262663604e+01
8.713935834262663604e+01
8.713935834262662183e+01
8.713935834262663604e+01
8.713935834262662183e+01
8.916322890233345788e+01
7.497897665065048045e+01
8.681788162462297009e+01
8.731935834262662866e+01
8.713935834262665026e+01
8.713935834262665026e+01
8.707935834262664798e+01
8.713935834262665026e+01
8.574364909070209251e+01
8.713935834262665026e+01
8.776254710353532573e+01
8.713935834262665026e+01
8.733289246928256944e+01
8.787289246928256148e+01
8.719935834262662411e+01
8.727289246928256716e+01
