-8.768417036916549279e-01
6.727336727358257384e-02
8.843524272841055689e-01
-1.000000000000000000e+00
-6.390426472684203052e-01
-5.879872228665472544e-01
-3.561894153013622222e-01
-7.741885222726119231e-03
-2.457845415589409166e-01
-1.000000000000000000e+00
7.922082635518667981e-01
1.000000000000000000e+00
1.000000000000000000e+00
-3.917415429634638624e-01
5.264239754064389265e-01
4.967790419033401017e-01
-3.411836467140896834e-01
1.000000000000000000e+00
1.000000000000000000e+00
-8.827267020188731550e-01
1.000000000000000000e+00
-7.280599914111087756e-01
-1.000000000000000000e+00
7.980214202201253437e-01
3.349960959019502860e-01
1.000000000000000000e+00
-1.000000000000000000e+00
-8.939658973209525517e-01
-7.508285176530160587e-01
1.000000000000000000e+00
-7.793131869810812073e-01
-1.210398437857939380e-01
-1.000000000000000000e+00
3.833080536137711825e-01
-1.025272452743315049e-02
3.254812865993105264e-01
-6.269067296803860767e-01
-9.248699188353404210e-01
-1.000000000000000000e+00
9.522184444103771739e-01
-4.680364740833216075e-01
1.000000000000000000e+00
-8.346992928335530415e-01
1.000000000000000000e+00
6.989986657234456002e-01
-1.000000000000000000e+00
9.546439542155837898e-01
-1.703891153960079841e-01
1.000000000000000000e+00
3.409861857476325642e-01
9.921413574325957940e-01
8.480395120573469558e-01
-2.588653750884825078e-01
2.518148497076876380e-01
-9.786818406126607250e-02
9.217490664619890639e-01
-1.000000000000000000e+00
4.059617129300695515e-01
7.890669767900330145e-01
-8.547965746758605654e-01
2.800000000000000266e-01
-1.261025200260480483e-01
-1.000000000000000000e+00
1.367547807158647766e-01
2.913820407395504297e-01
3.104582069302286307e-02
-3.683447780337238964e-01
1.000000000000000000e+00
1.000000000000000000e+00
1.736018743889677363e-01
-9.538642814128904801e-01
-1.000000000000000000e+00
-1.000000000000000000e+00
4.522445806170201643e-01
-8.414574802423890887e-02
-5.664992657065130027e-02
1.000000000000000000e+00
-5.993586459882513928e-01
-5.563185994635930776e-01
9.439773551103032290e-01
-1.000000000000000000e+00
-1.000000000000000000e+00
1.000000000000000000e+00
4.421148834325379084e-01
3.219338946683656943e-01
-1.000000000000000000e+00
3.832605722141005922e-01
-1.000000000000000000e+00
-3.295017655192715722e-01
-1.000000000000000000e+00
1.395728915918451607e-01
-8.095195101579624186e-01
4.096191505831855983e-01
-2.515584908695589483e-02
-1.000000000000000000e+00
-1.000000000000000000e+00
9.791679001336830446e-01
3.131247327439748429e-01
-1.000000000000000000e+00
1.000000000000000000e+00
8.625496952243030258e-01
4.548069121803443582e-01
-1.000000000000000000e+00
-2.035896898698229540e-01
-1.000000000000000000e+00
-1.000000000000000000e+00
6.201888938536743723e-01
-1.467942691543816236e-01
1.000000000000000000e+00
-3.868826119655758289e-01
1.000000000000000000e+00
2.337952360220481030e-01
6.017285059072488007e-01
-1.000000000000000000e+00
1.000000000000000000e+00
-2.807584650029756324e-01
1.000000000000000000e+00
-5.157297935457139104e-01
9.660941699824604489e-02
3.680498024127349943e-01
-5.229746989802430690e-01
9.397347642010682733e-01
1.533010733816005389e-01
-9.355003880982428743e-01
-1.000000000000000000e+00
-2.864408498121946978e-01
-1.752617700961854319e-01
7.548490152817197707e-01
-7.113858654541965754e-01
-1.000000000000000000e+00
-8.432972109425816987e-01
6.706269036395400285e-01
-1.000000000000000000e+00
-1.000000000000000000e+00
-3.835725360415938034e-01
-2.129295728963460643e-01
7.412542179433703748e-02
-1.000000000000000000e+00
2.686601992679339412e-01
2.301047877112664675e-01
-3.429569802746921803e-01
2.761563112887108762e-01
2.028551273959008361e-01
-8.044866280474816111e-02
-5.303513310230754119e-01
-4.157888889023636514e-01
8.401039915502329647e-01
-4.720647234016473459e-01
1.000000000000000000e+00
1.999999999999999556e-01
-7.580537852590498726e-01
-1.844516016214887699e-01
2.471504636160728463e-01
7.812008542838200231e-01
1.000000000000000000e+00
8.442673443862103166e-01
-8.656694629042881450e-01
9.743136673221148847e-01
-1.000000000000000000e+00
1.000000000000000000e+00
-1.000000000000000000e+00
6.613279021328002383e-01
-1.444055110402264752e-01
1.000000000000000000e+00
1.000000000000000000e+00
-8.351202278753951935e-01
4.615992816999603399e-02
2.684706684667494958e-01
-9.603326848172955010e-02
-1.000000000000000000e+00
2.219457155770816481e-01
4.736584935084954262e-01
1.000000000000000000e+00
-1.281227107534921306e-01
4.970040622257405616e-01
-6.697030724632877519e-01
-7.949540416877717286e-01
-7.405901269298270639e-04
7.089049668572384721e-01
-9.968444696223714985e-01
-1.000000000000000000e+00
-6.038264597815907742e-01
1.000000000000000000e+00
-5.721543367598870278e-01
-1.000000000000000000e+00
1.000000000000000000e+00
1.000000000000000000e+00
1.000000000000000000e+00
-8.390377994437298037e-02
1.000000000000000000e+00
-1.000000000000000000e+00
-1.000000000000000000e+00
3.735182886797301371e-01
-2.942199869461437078e-01
-1.000000000000000000e+00
5.716603890429841073e-01
-5.734792049388903745e-01
4.628308282407334051e-01
4.151216621462278655e-01
-2.169146820973644196e-01
-8.103060094836326277e-01
3.250588054272429139e-01
8.828981832049628831e-02
-8.137334978381668416e-01
5.751752069643826237e-01
-3.810079979975428688e-01
-6.145148377620607283e-01
-9.795029332940556888e-01
7.332637860638920868e-01
1.140124576399736966e-01
-1.000000000000000000e+00
-1.000000000000000000e+00
-1.000000000000000000e+00
-4.453650345071354932e-01
1.000000000000000000e+00
-1.245907180585650031e-01
-9.544538111418190418e-01
-5.522604762426241987e-01
1.306363477679861607e-02
-1.000000000000000000e+00
-2.491651568524514138e-01
-9.087748910303500294e-01
1.000000000000000000e+00
-4.007108804629117005e-01
-1.000000000000000000e+00
-1.000000000000000000e+00
-1.305223569773205083e-01
1.134095184776618970e-01
7.981016780398515476e-01
-5.015282416343765926e-01
-6.921074205964758974e-01
1.000000000000000000e+00
-1.415810024041666559e-01
2.696775411304928038e-01
7.698659518159328696e-01
-3.871167360029010296e-01
1.000000000000000000e+00
4.512347824582739753e-01
-1.000000000000000000e+00
-2.991562773585160762e-01
-1.000000000000000000e+00
9.545442634560310502e-01
9.452155369559749332e-01
-1.000000000000000000e+00
6.509168174850199495e-02
-9.649460021241487162e-01
1.000000000000000000e+00
2.290779761057945840e-01
4.293717962520395837e-01
7.919137583950912607e-01
1.000000000000000000e+00
1.000000000000000000e+00
1.000000000000000000e+00
8.110102854147989149e-01
3.044987663370061215e-01
1.804178180369275242e-01
-1.000000000000000000e+00
1.745973463766726796e-01
8.898667108466730147e-01
-3.298447045424242052e-01
-6.348754635748179442e-01
-1.000000000000000000e+00
1.000000000000000000e+00
-3.728834956389883715e-01
-9.720536009616600470e-01
