-9.662828064120753124e-01
-1.000000000000000000e+00
-3.913457939860187640e-02
-9.330523323179658046e-01
-1.000000000000000000e+00
1.865060000963092435e-02
-8.955532703677719919e-01
-5.114266095787705080e-01
-4.272354001557938652e-01
-7.492588857959904258e-01
-3.407728103593779534e-01
-8.596895896610812215e-02
-4.096112469984628524e-01
-4.769787101718142575e-02
-1.000000000000000000e+00
-1.000000000000000000e+00
1.000000000000000000e+00
1.000000000000000000e+00
-2.267552695331453705e-01
-9.436125762392914007e-01
-8.947900554105437942e-01
7.024954275301039663e-01
4.675406126841993304e-01
1.000000000000000000e+00
8.464709588343355406e-02
6.876330344969503461e-01
-1.000000000000000000e+00
-1.547266722934415029e-01
-5.990680561471860566e-01
-5.877373087544677244e-01
1.000000000000000000e+00
2.104115367208941878e-01
1.000000000000000000e+00
1.000000000000000000e+00
-3.477883250635083190e-01
-7.715957664007482286e-01
8.628082321937546872e-01
5.823823019205611740e-01
1.000000000000000000e+00
-2.384231614372421815e-01
5.565677402921087591e-01
5.204310683093779089e-01
-2.416950620893692364e-02
4.743057490063026238e-01
-9.283990686348420063e-02
-1.000000000000000000e+00
6.269980310884384345e-01
-1.563478636553846668e-01
7.733157584421570530e-01
-5.852360143381601931e-01
3.350269007221128303e-01
-2.521530022952526151e-01
-1.000000000000000000e+00
-3.457713883668471766e-01
9.132326786762694493e-01
-1.000000000000000000e+00
3.849383338172160940e-01
2.926625708797417902e-01
1.827591811150215961e-01
-1.000000000000000000e+00
8.853212411032403140e-02
1.000000000000000000e+00
6.125230076820338265e-01
-5.778587094255321910e-02
1.000000000000000000e+00
4.913948115861379584e-01
-1.000000000000000000e+00
-6.212319583884735597e-01
1.728779417375969629e-01
-9.817428551416851334e-01
-1.000000000000000000e+00
-2.722045023174310963e-01
1.915122764690696533e-02
-1.999999999999999556e-01
1.584753625723628323e-01
4.905020315593081048e-01
-8.330865288736799545e-01
-1.000000000000000000e+00
-5.076698909849806096e-01
2.395688188287505849e-01
-5.209395035906092541e-01
-5.786698996662216210e-01
-3.615412887695365063e-01
-1.000000000000000000e+00
-6.179515663116887936e-01
3.828209179286450325e-01
-2.724336938862707558e-01
-9.811010165390521287e-02
-4.298341660688766996e-01
7.748030722265900061e-02
8.000145630772563798e-01
-2.771415063896017772e-01
-1.000000000000000000e+00
-1.000000000000000000e+00
-1.000000000000000000e+00
-7.984733913318513565e-01
1.336222337351877232e-01
-4.062555425285700461e-01
-3.574452911935646626e-02
2.981926358307401825e-01
-9.682130910023576398e-01
8.428623335303088160e-01
7.457786347515749092e-02
4.997774621096676695e-01
1.000000000000000000e+00
1.000000000000000000e+00
-1.151539879082998652e-01
6.735726917839858219e-01
1.751734055559504843e-01
-1.000000000000000000e+00
1.000000000000000000e+00
-1.261017335338609213e-01
6.223593677740489882e-01
1.000000000000000000e+00
4.940256165019108470e-01
7.052881714944855274e-01
7.619814101556255936e-01
-1.670223147121128737e-01
1.000000000000000000e+00
7.500691121731691835e-01
-1.000000000000000000e+00
-1.000000000000000000e+00
3.521871777123612990e-01
-1.000000000000000000e+00
7.443019984328658190e-02
-1.000000000000000000e+00
-5.860228981761002043e-01
1.695678036774306008e-01
1.000000000000000000e+00
8.849615192709088252e-01
1.000000000000000000e+00
2.182830566655806215e-01
9.368060551479209241e-01
-8.952577652272373232e-01
-4.762631676783665724e-02
-6.893693338128283887e-01
-4.416695486064786680e-01
2.938839380371922605e-01
-2.515440916390810910e-01
-7.750973983166747905e-01
3.020130641743612454e-01
-7.980903707258295565e-01
4.525715390112193259e-01
1.000000000000000000e+00
1.743451093409009722e-03
-6.517229210124434458e-01
7.160004100750905209e-01
1.000000000000000000e+00
-3.527823441627453427e-02
-1.000000000000000000e+00
5.999821096622531824e-03
1.000000000000000000e+00
-1.628772924983236114e-01
-1.021970407189134455e-01
2.421920679092238182e-01
-1.097915983789149452e-01
-1.000000000000000000e+00
-4.923143806882311901e-01
-1.000000000000000000e+00
3.838872900675763256e-01
-7.776199698250021441e-01
1.000000000000000000e+00
-5.494164954032251247e-01
1.000000000000000000e+00
-6.105583090087742804e-01
2.578011918878103659e-02
9.722972693412601508e-03
-3.637638860695430743e-01
1.000000000000000000e+00
3.863495153196113696e-01
-6.657885429448091585e-01
7.402687075479447154e-01
1.797076899966815744e-01
-6.339223017346419242e-01
-1.091611432766771417e-01
-2.246205159615164426e-01
5.931453534412767237e-03
8.890716357943070358e-01
6.373497178230813458e-03
-4.080029533191351643e-01
4.342144429823194818e-01
7.084850827624724623e-01
7.297396480282611342e-02
-6.270786816158223642e-01
-6.530077850063691347e-01
3.020741371308215129e-02
8.943618566680002768e-01
-7.186627005865373619e-01
2.609028962597239598e-01
-5.108988133758651795e-01
-1.000000000000000000e+00
-6.949231889041551646e-01
-1.475862045515311527e-01
1.000000000000000000e+00
-3.082919547442533603e-01
1.000000000000000000e+00
9.564175750563909117e-01
9.660549776939417743e-01
3.244636313803930250e-01
-6.560723597084795466e-01
-1.000000000000000000e+00
-8.926200700842330527e-01
3.359917985115586370e-01
-7.429156172120868762e-01
-7.112779596427720730e-02
3.455377901598337687e-01
-4.087201345969926347e-01
-3.119322891258400343e-01
-1.000000000000000000e+00
7.727234730633771864e-01
4.840681522755096999e-01
-8.820230019414143641e-02
2.107344198840749305e-02
2.002815447024477724e-01
-2.548130695389915767e-01
-3.720487150937501486e-02
-1.591792716016839360e-01
-6.278829971766319851e-03
-1.000000000000000000e+00
-1.205525533325341181e-01
-1.000000000000000000e+00
-1.000000000000000000e+00
-5.708455509233829606e-01
-3.120197820049774862e-02
1.648993851927482712e-02
-6.513322528229824604e-01
7.320140153351508694e-01
4.557987926420426494e-01
-9.944661050762132470e-02
1.000000000000000000e+00
-1.000000000000000000e+00
4.464412865915624584e-01
1.464376525458943590e-03
1.747436375672248021e-01
-4.782374728979792433e-01
3.105509403007683522e-01
1.000000000000000000e+00
6.187541601632492450e-01
1.000000000000000000e+00
-1.000000000000000000e+00
9.617716180287030348e-01
3.658883958387411095e-01
4.783229663380744734e-01
6.747663478730867581e-01
5.459209395492063965e-01
4.267276340355001252e-01
-5.942697854173537575e-01
1.000000000000000000e+00
2.942920642796627018e-01
1.000000000000000000e+00
4.240600235787883587e-02
-7.609654614863424760e-01
5.433383202381223409e-01
-3.776145572168189135e-01
4.046199506819662672e-01
-3.466350832479000443e-01
6.815261247517607757e-01
1.000000000000000000e+00
1.000000000000000000e+00
9.190092386126844648e-01
-7.262566181731480164e-01
1.959520275511125176e-01
1.000000000000000000e+00
6.983925599861658950e-01
8.871920179968009190e-01
